--this script made by nyxes no ai slops, If you see this, then you are a n###a.
local ReplicatedStorage = game:GetService("ReplicatedStorage")
local RequestCommand = ReplicatedStorage:WaitForChild("HDAdminHDClient").Signals.RequestCommandSilent

RequestCommand:InvokeServer(";btools me")
task.wait(1.2)
RequestCommand:InvokeServer(";punish all")
task.wait(0.2)

local player = game.Players.LocalPlayer
local backpack = player.Backpack
local character = player.Character

local function getF3X()
 for _, v in ipairs(backpack:GetChildren()) do
 if v:FindFirstChild("SyncAPI") then return v end
 end
 for _, v in ipairs(character:GetChildren()) do
 if v:FindFirstChild("SyncAPI") then return v end
 end
 return nil
end

local f3x = getF3X()
if not f3x then
 warn("F3X not found")
 return
end

local syncapi = f3x.SyncAPI
local endpoint = syncapi.ServerEndpoint

for _, v in ipairs(workspace:GetDescendants()) do
 if v:IsA("BasePart") and not v:IsA("Terrain") then
 task.spawn(function()
 pcall(function()
 endpoint:InvokeServer("Remove", {v})
 end)
 end)
 end
end
task.wait(1)

local function syncAnchor(ep, part, anchored)
 ep:InvokeServer("SyncAnchor", {{Part = part, Anchored = anchored}})
end

local function batchResize(ep, tbl) if #tbl>0 then ep:InvokeServer("SyncResize", tbl) end end
local function batchMaterial(ep, tbl) if #tbl>0 then ep:InvokeServer("SyncMaterial", tbl) end end
local function batchColor(ep, tbl) if #tbl>0 then ep:InvokeServer("SyncColor", tbl) end end
local function batchCollision(ep, tbl) if #tbl>0 then ep:InvokeServer("SyncCollision", tbl) end end

local function createMesh(ep, part) ep:InvokeServer("CreateMeshes", {{Part = part}}) end
local function syncMeshType(ep, part, t) ep:InvokeServer("SyncMesh", {{Part = part, MeshType = t}}) end
local function syncMeshScale(ep, part, s) ep:InvokeServer("SyncMesh", {{Part = part, Scale = s}}) end
local function syncMeshOffset(ep, part, o) ep:InvokeServer("SyncMesh", {{Part = part, Offset = o}}) end
local function syncMeshId(ep, part, id) ep:InvokeServer("SyncMesh", {{Part = part, MeshId = id}}) end
local function syncMeshTexture(ep, part, tex) ep:InvokeServer("SyncMesh", {{Part = part, TextureId = tex}}) end
local function syncMeshVertexColor(ep, part, col) ep:InvokeServer("SyncMesh", {{Part = part, VertexColor = col}}) end

local function createDecal(ep, part, face) ep:InvokeServer("CreateTextures", {{Part = part, Face = face, TextureType = "Decal"}}) end
local function setDecalTexture(ep, part, tex, face) ep:InvokeServer("SyncTexture", {{Part = part, Face = face, TextureType = "Decal", Texture = tex}}) end
local function setDecalTransparency(ep, part, trans, face) ep:InvokeServer("SyncTexture", {{Part = part, Face = face, TextureType = "Decal", Transparency = trans}}) end

local function createTexture(ep, part, face) ep:InvokeServer("CreateTextures", {{Part = part, Face = face, TextureType = "Texture"}}) end
local function setTextureId(ep, part, tex, face) ep:InvokeServer("SyncTexture", {{Part = part, Face = face, TextureType = "Texture", Texture = tex}}) end
local function setTextureTransparency(ep, part, trans, face) ep:InvokeServer("SyncTexture", {{Part = part, Face = face, TextureType = "Texture", Transparency = trans}}) end

local function createLight(ep, part, lightType)
 ep:InvokeServer("CreateLights", {{Part = part, LightType = lightType}})
end
local function syncLight(ep, part, lightType, brightness, range, color, shadows, face, angle)
 local params = {Part = part, LightType = lightType}
 if brightness ~= nil then params.Brightness = brightness end
 if range ~= nil then params.Range = range end
 if color then params.Color = color end
 if shadows ~= nil then params.Shadows = shadows end
 if face and face ~= "nil" then params.Face = face end
 if angle ~= nil then params.Angle = angle end
 ep:InvokeServer("SyncLighting", {params})
end

local function createGroup(ep, groupType, parent, items) return ep:InvokeServer("CreateGroup", groupType, parent, items) end
local function setName(ep, obj, name) ep:InvokeServer("SetName", {obj}, name) end
local function setLocked(ep, part, lock) ep:InvokeServer("SetLocked", {part}, lock) end

local spawnMeta = {}
spawnMeta[34] = {teamColor = BrickColor.new("Medium stone grey"), neutral = true, duration = 0, allowTeamChangeOnTouch = false}

local seatMeta = {}

local P = {}

local partData = {
 [1] = {anchored = true},
 [2] = {anchored = true},
 [3] = {anchored = true},
 [4] = {anchored = true},
 [5] = {anchored = true},
 [6] = {anchored = true},
 [7] = {anchored = true},
 [8] = {anchored = true},
 [9] = {anchored = true},
 [10] = {anchored = true},
 [11] = {anchored = true},
 [12] = {anchored = true},
 [13] = {anchored = true},
 [14] = {anchored = true},
 [15] = {anchored = true},
 [16] = {anchored = true},
 [17] = {anchored = true},
 [18] = {anchored = true},
 [19] = {anchored = true},
 [20] = {anchored = true},
 [21] = {anchored = true},
 [22] = {anchored = true},
 [23] = {anchored = true},
 [24] = {anchored = true},
 [25] = {anchored = true},
 [26] = {anchored = true},
 [27] = {anchored = true},
 [28] = {anchored = true},
 [29] = {anchored = true},
 [30] = {anchored = true},
 [31] = {anchored = true},
 [32] = {anchored = true},
 [33] = {anchored = true},
 [34] = {anchored = true},
 [35] = {anchored = true},
 [36] = {anchored = true},
 [37] = {anchored = true},
 [38] = {anchored = true},
 [39] = {anchored = true},
 [40] = {anchored = true},
 [41] = {anchored = true},
 [42] = {anchored = true},
 [43] = {anchored = true},
 [44] = {anchored = true},
 [45] = {anchored = true},
 [46] = {anchored = true},
 [47] = {anchored = true},
 [48] = {anchored = true},
 [49] = {anchored = true},
 [50] = {anchored = true},
 [51] = {anchored = true},
 [52] = {anchored = true},
 [53] = {anchored = true},
 [54] = {anchored = true},
 [55] = {anchored = true},
 [56] = {anchored = true},
 [57] = {anchored = true},
 [58] = {anchored = true},
 [59] = {anchored = true},
 [60] = {anchored = true},
 [61] = {anchored = true},
 [62] = {anchored = true},
 [63] = {anchored = true},
 [64] = {anchored = true},
 [65] = {anchored = true},
 [66] = {anchored = true},
 [67] = {anchored = true},
 [68] = {anchored = true},
 [69] = {anchored = true},
 [70] = {anchored = true},
 [71] = {anchored = true},
 [72] = {anchored = true},
 [73] = {anchored = true},
 [74] = {anchored = true},
 [75] = {anchored = true},
 [76] = {anchored = true},
 [77] = {anchored = true},
 [78] = {anchored = true},
 [79] = {anchored = true},
 [80] = {anchored = true},
 [81] = {anchored = true},
 [82] = {anchored = true},
 [83] = {anchored = true},
 [84] = {anchored = true},
 [85] = {anchored = true},
 [86] = {anchored = true},
 [87] = {anchored = true},
 [88] = {anchored = true},
 [89] = {anchored = true},
 [90] = {anchored = true},
 [91] = {anchored = true},
 [92] = {anchored = true},
 [93] = {anchored = true},
 [94] = {anchored = true},
 [95] = {anchored = true},
 [96] = {anchored = true},
 [97] = {anchored = true},
 [98] = {anchored = true},
 [99] = {anchored = true},
 [100] = {anchored = true},
 [101] = {anchored = true},
 [102] = {anchored = true},
 [103] = {anchored = true},
 [104] = {anchored = true},
 [105] = {anchored = true},
 [106] = {anchored = true},
 [107] = {anchored = true},
 [108] = {anchored = true},
 [109] = {anchored = true},
 [110] = {anchored = true},
 [111] = {anchored = true},
 [112] = {anchored = true},
 [113] = {anchored = true},
 [114] = {anchored = true},
 [115] = {anchored = true},
 [116] = {anchored = true},
 [117] = {anchored = true},
 [118] = {anchored = true},
 [119] = {anchored = true},
 [120] = {anchored = true},
 [121] = {anchored = true},
 [122] = {anchored = true},
 [123] = {anchored = true},
 [124] = {anchored = true},
 [125] = {anchored = true},
 [126] = {anchored = true},
 [127] = {anchored = true},
 [128] = {anchored = true},
 [129] = {anchored = true},
 [130] = {anchored = true},
 [131] = {anchored = true},
 [132] = {anchored = true},
 [133] = {anchored = true},
 [134] = {anchored = true},
 [135] = {anchored = true},
 [136] = {anchored = true},
 [137] = {anchored = true},
 [138] = {anchored = true},
 [139] = {anchored = true},
 [140] = {anchored = true},
 [141] = {anchored = true},
 [142] = {anchored = true},
 [143] = {anchored = true},
 [144] = {anchored = true},
 [145] = {anchored = true},
 [146] = {anchored = true},
 [147] = {anchored = true},
 [148] = {anchored = true},
 [149] = {anchored = true},
 [150] = {anchored = true},
 [151] = {anchored = true},
 [152] = {anchored = true},
 [153] = {anchored = true},
 [154] = {anchored = true},
 [155] = {anchored = true},
 [156] = {anchored = true},
 [157] = {anchored = true},
 [158] = {anchored = true},
 [159] = {anchored = true},
 [160] = {anchored = true},
 [161] = {anchored = true},
 [162] = {anchored = true},
 [163] = {anchored = true},
 [164] = {anchored = true},
 [165] = {anchored = true},
 [166] = {anchored = true},
 [167] = {anchored = true},
 [168] = {anchored = true},
 [169] = {anchored = true},
 [170] = {anchored = true},
 [171] = {anchored = true},
 [172] = {anchored = true},
 [173] = {anchored = true},
 [174] = {anchored = true},
 [175] = {anchored = true},
 [176] = {anchored = true},
 [177] = {anchored = true},
 [178] = {anchored = true},
 [179] = {anchored = true},
 [180] = {anchored = true},
 [181] = {anchored = true},
 [182] = {anchored = true},
 [183] = {anchored = true},
 [184] = {anchored = true},
 [185] = {anchored = true},
 [186] = {anchored = true},
 [187] = {anchored = true},
 [188] = {anchored = true},
 [189] = {anchored = true},
 [190] = {anchored = true},
 [191] = {anchored = true},
 [192] = {anchored = true},
 [193] = {anchored = true},
 [194] = {anchored = true},
 [195] = {anchored = true},
 [196] = {anchored = true},
 [197] = {anchored = true},
 [198] = {anchored = true},
 [199] = {anchored = true},
 [200] = {anchored = true},
 [201] = {anchored = true},
 [202] = {anchored = true},
 [203] = {anchored = true},
 [204] = {anchored = true},
 [205] = {anchored = true},
 [206] = {anchored = true},
 [207] = {anchored = true},
 [208] = {anchored = true},
 [209] = {anchored = true},
 [210] = {anchored = true},
 [211] = {anchored = true},
 [212] = {anchored = true},
 [213] = {anchored = true},
 [214] = {anchored = true},
 [215] = {anchored = true},
 [216] = {anchored = true},
 [217] = {anchored = true},
 [218] = {anchored = true},
 [219] = {anchored = true},
 [220] = {anchored = true},
 [221] = {anchored = true},
 [222] = {anchored = true},
 [223] = {anchored = true},
 [224] = {anchored = true},
 [225] = {anchored = true},
 [226] = {anchored = true},
 [227] = {anchored = true},
 [228] = {anchored = true},
 [229] = {anchored = true},
 [230] = {anchored = true},
 [231] = {anchored = true},
 [232] = {anchored = true},
 [233] = {anchored = true},
 [234] = {anchored = true},
 [235] = {anchored = true},
 [236] = {anchored = true},
 [237] = {anchored = true},
 [238] = {anchored = true},
 [239] = {anchored = true},
 [240] = {anchored = true},
 [241] = {anchored = true},
 [242] = {anchored = true},
 [243] = {anchored = true},
 [244] = {anchored = true},
 [245] = {anchored = true},
 [246] = {anchored = true},
 [247] = {anchored = true},
 [248] = {anchored = true},
 [249] = {anchored = true},
 [250] = {anchored = true},
 [251] = {anchored = true},
 [252] = {anchored = true},
 [253] = {anchored = true},
 [254] = {anchored = true},
 [255] = {anchored = true},
 [256] = {anchored = true},
 [257] = {anchored = true},
 [258] = {anchored = true},
 [259] = {anchored = true},
 [260] = {anchored = true},
 [261] = {anchored = true},
 [262] = {anchored = true},
 [263] = {anchored = true},
 [264] = {anchored = true},
 [265] = {anchored = true},
 [266] = {anchored = true},
 [267] = {anchored = true},
 [268] = {anchored = true},
 [269] = {anchored = true},
 [270] = {anchored = true},
 [271] = {anchored = true},
 [272] = {anchored = true},
 [273] = {anchored = true},
 [274] = {anchored = true},
 [275] = {anchored = true},
 [276] = {anchored = true},
 [277] = {anchored = true},
 [278] = {anchored = true},
 [279] = {anchored = true},
 [280] = {anchored = true},
 [281] = {anchored = true},
 [282] = {anchored = true},
 [283] = {anchored = true},
 [284] = {anchored = true},
 [285] = {anchored = true},
 [286] = {anchored = true},
 [287] = {anchored = true},
 [288] = {anchored = true},
 [289] = {anchored = true},
 [290] = {anchored = true},
 [291] = {anchored = true},
 [292] = {anchored = true},
 [293] = {anchored = true},
 [294] = {anchored = true},
 [295] = {anchored = true},
 [296] = {anchored = true},
 [297] = {anchored = true},
 [298] = {anchored = true},
 [299] = {anchored = true},
 [300] = {anchored = true},
 [301] = {anchored = true},
 [302] = {anchored = true},
 [303] = {anchored = true},
 [304] = {anchored = true},
 [305] = {anchored = true},
 [306] = {anchored = true},
 [307] = {anchored = true},
 [308] = {anchored = true},
 [309] = {anchored = true},
 [310] = {anchored = true},
 [311] = {anchored = true},
 [312] = {anchored = true},
 [313] = {anchored = true},
 [314] = {anchored = true},
 [315] = {anchored = true},
 [316] = {anchored = true},
 [317] = {anchored = true},
 [318] = {anchored = true},
 [319] = {anchored = true},
 [320] = {anchored = true},
 [321] = {anchored = true},
 [322] = {anchored = true},
 [323] = {anchored = true},
 [324] = {anchored = true},
 [325] = {anchored = true},
 [326] = {anchored = true},
 [327] = {anchored = true},
 [328] = {anchored = true},
 [329] = {anchored = true},
 [330] = {anchored = true},
 [331] = {anchored = true},
 [332] = {anchored = true},
 [333] = {anchored = true},
 [334] = {anchored = true},
 [335] = {anchored = true},
 [336] = {anchored = true},
 [337] = {anchored = true},
 [338] = {anchored = true},
 [339] = {anchored = true},
 [340] = {anchored = true},
 [341] = {anchored = true},
 [342] = {anchored = true},
 [343] = {anchored = true},
 [344] = {anchored = true},
 [345] = {anchored = true},
 [346] = {anchored = true},
 [347] = {anchored = true},
 [348] = {anchored = true},
 [349] = {anchored = true},
 [350] = {anchored = true},
 [351] = {anchored = true},
 [352] = {anchored = true},
 [353] = {anchored = true},
 [354] = {anchored = true},
 [355] = {anchored = true},
 [356] = {anchored = true},
 [357] = {anchored = true},
 [358] = {anchored = true},
 [359] = {anchored = true},
 [360] = {anchored = true},
 [361] = {anchored = true},
 [362] = {anchored = true},
 [363] = {anchored = false},
 [364] = {anchored = false},
 [365] = {anchored = false},
 [366] = {anchored = false},
 [367] = {anchored = false},
 [368] = {anchored = false},
 [369] = {anchored = false},
 [370] = {anchored = false},
 [371] = {anchored = false},
 [372] = {anchored = false},
 [373] = {anchored = false},
 [374] = {anchored = false},
 [375] = {anchored = false},
 [376] = {anchored = true},
 [377] = {anchored = true},
 [378] = {anchored = true},
 [379] = {anchored = true},
 [380] = {anchored = true},
 [381] = {anchored = true},
 [382] = {anchored = true},
 [383] = {anchored = true},
 [384] = {anchored = false},
 [385] = {anchored = false},
 [386] = {anchored = true},
 [387] = {anchored = true},
 [388] = {anchored = true},
 [389] = {anchored = true},
 [390] = {anchored = false},
 [391] = {anchored = false},
 [392] = {anchored = true},
 [393] = {anchored = true},
 [394] = {anchored = true},
 [395] = {anchored = true},
 [396] = {anchored = true},
 [397] = {anchored = true},
 [398] = {anchored = true},
 [399] = {anchored = true},
 [400] = {anchored = false},
 [401] = {anchored = false},
 [402] = {anchored = true},
 [403] = {anchored = true},
 [404] = {anchored = true},
 [405] = {anchored = true},
 [406] = {anchored = true},
 [407] = {anchored = true},
 [408] = {anchored = true},
 [409] = {anchored = true},
 [410] = {anchored = true},
 [411] = {anchored = false},
 [412] = {anchored = true},
 [413] = {anchored = true},
 [414] = {anchored = true},
 [415] = {anchored = true},
 [416] = {anchored = true},
 [417] = {anchored = true},
 [418] = {anchored = true},
 [419] = {anchored = true},
 [420] = {anchored = true},
 [421] = {anchored = true},
 [422] = {anchored = true},
 [423] = {anchored = true},
 [424] = {anchored = true},
 [425] = {anchored = true},
 [426] = {anchored = true},
 [427] = {anchored = false},
 [428] = {anchored = true},
 [429] = {anchored = true},
 [430] = {anchored = true},
 [431] = {anchored = true},
 [432] = {anchored = true},
 [433] = {anchored = true},
 [434] = {anchored = true},
 [435] = {anchored = true},
 [436] = {anchored = true},
 [437] = {anchored = true},
 [438] = {anchored = true},
 [439] = {anchored = true},
 [440] = {anchored = true},
 [441] = {anchored = true},
 [442] = {anchored = true},
 [443] = {anchored = true},
 [444] = {anchored = true},
 [445] = {anchored = true},
 [446] = {anchored = false},
 [447] = {anchored = true},
 [448] = {anchored = true},
 [449] = {anchored = true},
 [450] = {anchored = true},
 [451] = {anchored = true},
 [452] = {anchored = true},
 [453] = {anchored = true},
 [454] = {anchored = true},
 [455] = {anchored = true},
 [456] = {anchored = true},
 [457] = {anchored = true},
 [458] = {anchored = true},
 [459] = {anchored = true},
 [460] = {anchored = true},
 [461] = {anchored = true},
 [462] = {anchored = true},
 [463] = {anchored = true},
 [464] = {anchored = true},
 [465] = {anchored = true},
 [466] = {anchored = true},
 [467] = {anchored = true},
 [468] = {anchored = true},
 [469] = {anchored = true},
 [470] = {anchored = true},
 [471] = {anchored = true},
 [472] = {anchored = true},
 [473] = {anchored = true},
 [474] = {anchored = true},
 [475] = {anchored = true},
 [476] = {anchored = true},
 [477] = {anchored = false},
 [478] = {anchored = false},
 [479] = {anchored = true},
 [480] = {anchored = false},
 [481] = {anchored = false},
 [482] = {anchored = true},
 [483] = {anchored = true},
 [484] = {anchored = true},
 [485] = {anchored = true},
 [486] = {anchored = true},
 [487] = {anchored = true},
 [488] = {anchored = true},
 [489] = {anchored = false},
 [490] = {anchored = true},
 [491] = {anchored = true},
 [492] = {anchored = true},
 [493] = {anchored = true},
 [494] = {anchored = true},
 [495] = {anchored = true},
 [496] = {anchored = true},
 [497] = {anchored = true},
 [498] = {anchored = true},
 [499] = {anchored = true},
 [500] = {anchored = true},
 [501] = {anchored = true},
 [502] = {anchored = true},
 [503] = {anchored = true},
 [504] = {anchored = true},
 [505] = {anchored = true},
 [506] = {anchored = true},
 [507] = {anchored = true},
 [508] = {anchored = true},
 [509] = {anchored = true},
 [510] = {anchored = true},
 [511] = {anchored = true},
}

local partDefs = {

 [1] = {shape="Normal", cframe=CFrame.new(0.000011497853847686201,-7.5,38,-1,0,0,0,1,0,0,0,-1)},
 [2] = {shape="Normal", cframe=CFrame.new(0.000007683156582061201,-7.5,38,-1,0,0,0,1,0,0,0,-1)},
 [3] = {shape="Normal", cframe=CFrame.new(-188.99998474121094,0.25,222.99996948242188,-1,0,0,0,1,0,0,0,-1)},
 [4] = {shape="Normal", cframe=CFrame.new(-151.99998474121094,0.5099999904632568,202.49996948242188,-1,0,0,0,1,0,0,0,-1)},
 [5] = {shape="Normal", cframe=CFrame.new(-172.49998474121094,0.5050048828125,246.49996948242188,0,0,-1,0,1,0,1,0,0)},
 [6] = {shape="Normal", cframe=CFrame.new(-149.99998474121094,0.5050048828125,246.49996948242188,0,0,-1,0,1,0,1,0,0)},
 [7] = {shape="Normal", cframe=CFrame.new(-219.99998474121094,0.5050010681152344,246.49996948242188,0,0,-1,0,1,0,1,0,0)},
 [8] = {shape="Normal", cframe=CFrame.new(42,85.50010681152344,-47.995025634765625,0,0,-1,-1,0,0,0,1,0)},
 [9] = {shape="Normal", cframe=CFrame.new(-170.99998474121094,0.5050010681152344,219.49996948242188,0,0,-1,0,1,0,1,0,0)},
 [10] = {shape="Normal", cframe=CFrame.new(-149.99998474121094,0.5050010681152344,235.49996948242188,0,0,-1,0,1,0,1,0,0)},
 [11] = {shape="Normal", cframe=CFrame.new(-170.99998474121094,0.5050010681152344,205.49996948242188,0,0,-1,0,1,0,1,0,0)},
 [12] = {shape="Normal", cframe=CFrame.new(-195.49998474121094,0.5050010681152344,226.49996948242188,0,0,-1,0,1,0,1,0,0)},
 [13] = {shape="Normal", cframe=CFrame.new(-195.49998474121094,0.5050010681152344,208.49996948242188,0,0,-1,0,1,0,1,0,0)},
 [14] = {shape="Normal", cframe=CFrame.new(-149.99998474121094,0.5050010681152344,227.49996948242188,0,0,-1,0,1,0,1,0,0)},
 [15] = {shape="Normal", cframe=CFrame.new(-188.99998474121094,-0.25,222.99996948242188,-1,0,0,0,1,0,0,0,-1)},
 [16] = {shape="Normal", cframe=CFrame.new(-151.99998474121094,0.5499999523162842,204.49996948242188,1,0,-0,0,0,1,0,-1,0)},
 [17] = {shape="Normal", cframe=CFrame.new(-219.99998474121094,0.75,212.99996948242188,-1,0,0,0,1,0,0,0,-1)},
 [18] = {shape="Normal", cframe=CFrame.new(-69.54612731933594,58,84.12703704833984,-0.7070603370666504,0.7071532011032104,-0.000013381242752075195,-0.000013381242752075195,-0.00003230571746826172,-1,-0.7071532011032104,-0.7070603370666504,0.00003230571746826172)},
 [19] = {shape="Normal", cframe=CFrame.new(-15.010002136230469,107,-50.500030517578125,0,1,0,0,0,-1,-1,0,0)},
 [20] = {shape="Normal", cframe=CFrame.new(19.995004653930664,24.5,49,0,1,-0,-1,0,0,0,0,1)},
 [21] = {shape="Ball", cframe=CFrame.new(-143.99998474121094,1.5,241.99996948242188,-1,0,0,0,1,0,0,0,-1)},
 [22] = {shape="Cylinder", cframe=CFrame.new(-143.99998474121094,1.5,243.99996948242188,0,-1,-0,-1,0,-0,0,0,-1)},
 [23] = {shape="Normal", cframe=CFrame.new(-149.99998474121094,1.5,241.99996948242188,1,0,0,0,1,0,0,0,1)},
 [24] = {shape="CornerWedge", cframe=CFrame.new(-146.99998474121094,1.5,241.99996948242188,1,0,0,0,1,0,0,0,1)},
 [25] = {shape="Wedge", cframe=CFrame.new(-146.99998474121094,1.5,243.99996948242188,-1,0,0,0,1,0,0,0,-1)},
 [26] = {shape="Normal", cframe=CFrame.new(-152.99998474121094,1.5,243.99996948242188,-1,0,0,0,1,0,0,0,-1)},
 [27] = {shape="Normal", cframe=CFrame.new(-149.99998474121094,1.5,243.99996948242188,1,0,0,0,1,0,0,0,1)},
 [28] = {shape="Normal", cframe=CFrame.new(-152.99998474121094,1.5,241.99996948242188,-1,0,0,0,1,0,0,0,-1)},
 [29] = {shape="Normal", cframe=CFrame.new(0.000004414851446199464,50.5,50.5,0,0,1,0,1,-0,-1,0,0)},
 [30] = {shape="Normal", cframe=CFrame.new(0.000002207426405220758,0,0,1,0,0,0,1,0,0,0,1)},
 [31] = {shape="Normal", cframe=CFrame.new(0,50.5,-50.500030517578125,0,0,1,0,1,-0,-1,0,0)},
 [32] = {shape="Normal", cframe=CFrame.new(50.499996185302734,50.5,0.000095367431640625,1,0,0,0,1,0,0,0,1)},
 [33] = {shape="Normal", cframe=CFrame.new(-50.5,50.5,0.000002207425268352381,1,0,0,0,1,0,0,0,1)},
 [34] = {shape="Spawn", cframe=CFrame.new(-6.999996185302734,1,34,0,0,-1,0,1,0,1,0,0)},
 [35] = {shape="Normal", cframe=CFrame.new(39.5,48,-43.500030517578125,-1,0,0,0,1,0,0,0,-1)},
 [36] = {shape="Normal", cframe=CFrame.new(15.5,89.5,-49.959529876708984,0,0,1,0,1,-0,-1,0,0)},
 [37] = {shape="Normal", cframe=CFrame.new(-95.49998474121094,137,-22.984909057617188,0,0,1,1,0,0,0,1,0)},
 [38] = {shape="Normal", cframe=CFrame.new(-93.49998474121094,133,-22.979909896850586,0,0,1,1,0,0,0,1,0)},
 [39] = {shape="Normal", cframe=CFrame.new(-33.5,79,-49.99502944946289,0,0,1,1,0,0,0,1,0)},
 [40] = {shape="Normal", cframe=CFrame.new(51.007537841796875,75.82305908203125,-3.688098907470703,-0.00006437301635742188,1.0000001192092896,0.000005058944225311279,0.9876959919929504,0.0000642538070678711,-0.15638664364814758,-0.15638664364814758,-0.000005058944225311279,-0.9876959323883057)},
 [41] = {shape="Normal", cframe=CFrame.new(30,75,-49.99502944946289,0,0,1,1,0,0,0,1,0)},
 [42] = {shape="Normal", cframe=CFrame.new(23.891010284423828,45.29972839355469,51.007537841796875,0.9702833890914917,0.0000024810433387756348,-0.24197140336036682,-0.24197140336036682,0.00002014636993408203,-0.9702835083007812,0.0000024810433387756348,1.0000001192092896,0.00002014636993408203)},
 [43] = {shape="Normal", cframe=CFrame.new(-49.994998931884766,26,27.500003814697266,0,1,0,1,0,0,0,0,-1)},
 [44] = {shape="Normal", cframe=CFrame.new(-51.00503158569336,0.999969482421875,0.000007867813110351562,0,1,-0,-1,0,0,0,0,1)},
 [45] = {shape="Normal", cframe=CFrame.new(-49.994991302490234,20,31.5,0,1,0,1,0,0,0,0,-1)},
 [46] = {shape="Normal", cframe=CFrame.new(0.23529434204101562,87.66172790527344,51.00632095336914,0,0,1,1,0,0,0,1,0)},
 [47] = {shape="Normal", cframe=CFrame.new(51.0050048828125,1.000030517578125,-0.000003814697265625,0,1,-0,-1,0,0,0,0,1)},
 [48] = {shape="Normal", cframe=CFrame.new(-49.98997497558594,46,21.500001907348633,-1.1920928955078125e-07,1.0000001192092896,0,-1.0000001192092896,-1.1920928955078125e-07,-0,-0,0,1)},
 [49] = {shape="Normal", cframe=CFrame.new(-51.00246810913086,45.299713134765625,24.281503677368164,0.00002682209014892578,1,-0.000020951032638549805,-0.24197936058044434,0.00002682209014892578,0.9702813625335693,0.9702813625335693,-0.000020951032638549805,0.24197936058044434)},
 [50] = {shape="Normal", cframe=CFrame.new(7.886554718017578,27.833938598632812,51.007537841796875,0.3255194425582886,-0.000041812658309936523,-0.94553542137146,-0.94553542137146,-0.000058650970458984375,-0.32551950216293335,-0.000041812658309936523,1,-0.000058650970458984375)},
 [51] = {shape="Normal", cframe=CFrame.new(-96.49998474121094,140,-24.00490379333496,0,0,-1,1,0,0,0,-1,0)},
 [52] = {shape="Normal", cframe=CFrame.new(-15,17.499900817871094,-2.5,1,0,0,0,1,0,0,0,1)},
 [53] = {shape="Normal", cframe=CFrame.new(51.007537841796875,31.743896484375,15.478221893310547,-0.00004124641418457031,1,0.000014185905456542969,-0.7879935503005981,-0.00004124641418457031,0.6156835556030273,0.6156835556030273,0.000014185905456542969,0.7879935503005981)},
 [54] = {shape="Normal", cframe=CFrame.new(-15.5,18,27,1,0,0,0,1,0,0,0,1)},
 [55] = {shape="Normal", cframe=CFrame.new(-51.00368881225586,14.86767578125,-0.23529052734375,0,1,-0,-1,0,0,0,0,1)},
 [56] = {shape="Normal", cframe=CFrame.new(11.45880126953125,73.22299194335938,-51.002498626708984,0.46945518255233765,-0.000006705522537231445,0.8829562664031982,0.8829562664031982,0.000011205673217773438,-0.46945515275001526,-0.000006705522537231445,1,0.000011205673217773438)},
 [57] = {shape="Normal", cframe=CFrame.new(49.5,50.4998779296875,-49.99502944946289,0,0,1,1,0,0,0,1,0)},
 [58] = {shape="Normal", cframe=CFrame.new(7,75,-49.99502944946289,0,0,1,1,0,0,0,1,0)},
 [59] = {shape="Normal", cframe=CFrame.new(10.5,72,-49.99502944946289,0,0,1,1,0,0,0,1,0)},
 [60] = {shape="Normal", cframe=CFrame.new(-22.872753143310547,61.40174865722656,51.007537841796875,-0.9135564565658569,9.685754776000977e-07,0.4067118763923645,0.4067118763923645,0.0000045299530029296875,0.9135564565658569,-9.685754776000977e-07,1,-0.0000045299530029296875)},
 [61] = {shape="Normal", cframe=CFrame.new(-40.99998474121094,126,-50,0,0,-1,0,1,0,1,0,0)},
 [62] = {shape="Normal", cframe=CFrame.new(24,12.999899864196777,-49.000030517578125,1,0,0,0,1,0,0,0,1)},
 [63] = {shape="Normal", cframe=CFrame.new(-26.5,101.50004577636719,-50.500030517578125,0,0,-1,0,1,0,1,0,0)},
 [64] = {shape="Normal", cframe=CFrame.new(-51.00248336791992,68.23471069335938,-17.959672927856445,0.000007569789886474609,1,-0.0000032782554626464844,0.6819697618484497,-0.00000762939453125,-0.7313804030418396,-0.7313804030418396,0.0000032782554626464844,-0.6819697618484497)},
 [65] = {shape="Normal", cframe=CFrame.new(42,89.5000991821289,-49.000030517578125,1,0,0,0,1,0,0,0,1)},
 [66] = {shape="Normal", cframe=CFrame.new(15.087722778320312,31.743865966796875,-51.002498626708984,0.6156437397003174,0.000007331371307373047,-0.7880246043205261,-0.7880246043205261,0.000014960765838623047,-0.6156437993049622,0.000007331371307373047,1,0.000014960765838623047)},
 [67] = {shape="Normal", cframe=CFrame.new(42.000003814697266,78,-49.000030517578125,1,0,0,0,1,0,0,0,1)},
 [68] = {shape="Normal", cframe=CFrame.new(44.000003814697266,3.5,8.000000953674316,1,0,0,0,1,0,0,0,1)},
 [69] = {shape="Normal", cframe=CFrame.new(-51.00246810913086,26.48150634765625,0.1952211856842041,0,1,-0,-1,0,0,0,0,1)},
 [70] = {shape="Normal", cframe=CFrame.new(0.000003814697265625,52,49.5,1,0,0,0,1,0,0,0,1)},
 [71] = {shape="Normal", cframe=CFrame.new(3.6880950927734375,75.82302856445312,-51.002498626708984,0.1564198136329651,0.00002759695053100586,0.9876906275749207,0.9876906275749207,-0.00003230571746826172,-0.1564197838306427,0.00002759695053100586,1,-0.00003230571746826172)},
 [72] = {shape="Normal", cframe=CFrame.new(0.000003814697265625,100,51.00499725341797,0,0,1,1,0,0,0,1,0)},
 [73] = {shape="Normal", cframe=CFrame.new(-92.49998474121094,119,-11.500003814697266,0,0,-1,0,1,0,1,0,0)},
 [74] = {shape="Normal", cframe=CFrame.new(37.5,100,-42.500030517578125,1,0,0,0,1,0,0,0,1)},
 [75] = {shape="Normal", cframe=CFrame.new(51.00633239746094,51.26470947265625,36.89706039428711,0,1,-0,-1,0,0,0,0,1)},
 [76] = {shape="Normal", cframe=CFrame.new(31.000003814697266,10,24.5,-1,0,0,0,1,0,0,0,-1)},
 [77] = {shape="Normal", cframe=CFrame.new(-49.9949951171875,1.000030517578125,0.5000038146972656,0,1,-0,-1,0,0,0,0,1)},
 [78] = {shape="Normal", cframe=CFrame.new(-48.49998474121094,58.5,75.7500991821289,1,0,0,0,0,-1,0,1,0)},
 [79] = {shape="Normal", cframe=CFrame.new(19.500003814697266,17.5,32.5,-1,0,0,0,1,0,0,0,-1)},
 [80] = {shape="Normal", cframe=CFrame.new(-49.98997497558594,46,-5.499998092651367,-1.1920928955078125e-07,1.0000001192092896,0,-1.0000001192092896,-1.1920928955078125e-07,-0,-0,0,1)},
 [81] = {shape="Normal", cframe=CFrame.new(-8.277053833007812,27.833953857421875,-51.002498626708984,-0.3255195617675781,0.000041812658309936523,-0.94553542137146,-0.94553542137146,-0.000058650970458984375,0.32551950216293335,-0.000041812658309936523,1,0.000058531761169433594)},
 [82] = {shape="Normal", cframe=CFrame.new(19.500003814697266,7.4999003410339355,41,1,0,0,0,1,0,0,0,1)},
 [83] = {shape="Normal", cframe=CFrame.new(24.500003814697266,25.5,49,1,0,0,0,1,0,0,0,1)},
 [84] = {shape="Normal", cframe=CFrame.new(50.500003814697266,50.5,50.499996185302734,0,0,-1,0,1,0,1,0,0)},
 [85] = {shape="Normal", cframe=CFrame.new(-15,45,-49.500030517578125,-1,0,0,0,1,0,0,0,-1)},
 [86] = {shape="Normal", cframe=CFrame.new(51.0050048828125,50,49.499996185302734,0,1,-0,-1,0,0,0,0,1)},
 [87] = {shape="Normal", cframe=CFrame.new(28.500003814697266,25.5,40,1,0,0,0,1,0,0,0,1)},
 [88] = {shape="Normal", cframe=CFrame.new(-18.350112915039062,68.23471069335938,-51.002498626708984,-0.7313884496688843,0.000008225440979003906,0.6819609999656677,0.6819609999656677,0.00002092123031616211,0.731388509273529,-0.000008225440979003906,0.9999999403953552,-0.00002086162567138672)},
 [89] = {shape="Normal", cframe=CFrame.new(49.00000762939453,24.000003814697266,42,1,0,0,0,1,0,0,0,1)},
 [90] = {shape="Normal", cframe=CFrame.new(-15.478221893310547,31.74383544921875,51.007537841796875,-0.6156437397003174,0.000007331371307373047,-0.7880246043205261,-0.7880246043205261,-0.000015020370483398438,0.6156437993049622,-0.000007331371307373047,1,0.000014960765838623047)},
 [91] = {shape="Normal", cframe=CFrame.new(-51.00368881225586,51.26470947265625,36.89707565307617,0,1,-0,-1,0,0,0,0,1)},
 [92] = {shape="Normal", cframe=CFrame.new(-24.92440414428711,53.46861267089844,51.007537841796875,-0.9961906671524048,0.00000208243727684021,0.08720242977142334,0.08720242977142334,0.0000476837158203125,0.9961906671524048,-0.00000208243727684021,1,-0.0000476837158203125)},
 [93] = {shape="Normal", cframe=CFrame.new(-45.99998474121094,58.5,83.5000991821289,1,0,0,0,1,0,0,0,1)},
 [94] = {shape="Normal", cframe=CFrame.new(-80.05548858642578,66.00000762939453,69.6665267944336,-0.7070603370666504,-0.7071532011032104,0.000013381242752075195,0.000013381242752075195,-0.00003230571746826172,-1,0.7071532011032104,-0.7070603370666504,0.00003230571746826172)},
 [95] = {shape="Normal", cframe=CFrame.new(21.000003814697266,37,49.99500274658203,0,0,1,-1,0,0,0,-1,0)},
 [96] = {shape="Normal", cframe=CFrame.new(-7.9999847412109375,17,108,1,0,0,0,1,0,0,0,1)},
 [97] = {shape="Normal", cframe=CFrame.new(51.007537841796875,37.78521728515625,21.014095306396484,-0.000019431114196777344,0.9999999403953552,0.000010520219802856445,-0.5446730256080627,-0.000019431114196777344,0.8386484384536743,0.8386484384536743,0.000010520219802856445,0.5446730852127075)},
 [98] = {shape="Normal", cframe=CFrame.new(22,71,-49.99502944946289,0,0,1,0,1,-0,-1,0,0)},
 [99] = {shape="Normal", cframe=CFrame.new(-7.9999847412109375,21,102.5,1,0,0,0,1,0,0,0,1)},
 [100] = {shape="Normal", cframe=CFrame.new(50.5,37.5,-32.5,0,0,-1,0,1,0,1,0,0)},
 [101] = {shape="Normal", cframe=CFrame.new(23.891006469726562,45.29972839355469,-51.002498626708984,0.9702833890914917,-0.0000024884939193725586,-0.24197137355804443,-0.24197137355804443,-0.000020265579223632812,-0.9702833294868469,-0.0000024884939193725586,0.9999999403953552,-0.000020265579223632812)},
 [102] = {shape="Normal", cframe=CFrame.new(-51.00246810913086,68.23471069335938,18.350107192993164,0.000007569789886474609,1,0.0000032782554626464844,0.6819697618484497,-0.00000762939453125,0.7313804030418396,0.7313804030418396,-0.0000032782554626464844,-0.6819697618484497)},
 [103] = {shape="Normal", cframe=CFrame.new(51.006317138671875,87.66180419921875,-0.23529434204101562,0,1,0,1,0,0,0,0,-1)},
 [104] = {shape="Normal", cframe=CFrame.new(-2.4999847412109375,20.999900817871094,108,0,0,1,0,1,-0,-1,0,0)},
 [105] = {shape="Normal", cframe=CFrame.new(-13.499984741210938,21,108,0,0,1,0,1,-0,-1,0,0)},
 [106] = {shape="Normal", cframe=CFrame.new(51.007537841796875,31.743927001953125,-15.087726593017578,-0.00004124641418457031,1,-0.000014185905456542969,-0.7879935503005981,-0.00004124641418457031,-0.6156835556030273,-0.6156835556030273,-0.000014185905456542969,0.7879935503005981)},
 [107] = {shape="Normal", cframe=CFrame.new(-27,69.5,-49.99502944946289,0,0,1,1,0,0,0,1,0)},
 [108] = {shape="Normal", cframe=CFrame.new(-92.49998474121094,121,-11.500003814697266,0,0,-1,0,1,0,1,0,0)},
 [109] = {shape="Normal", cframe=CFrame.new(-69.5355224609375,58,84.11642456054688,0.00003230571746826172,0.7070603370666504,0.7071532011032104,-1,0.00003230571746826172,0.000013381242752075195,-0.000013381242752075195,-0.7071532011032104,0.7070603370666504)},
 [110] = {shape="Normal", cframe=CFrame.new(-59.49998474121094,51,79.0000991821289,1,0,0,0,1,0,0,0,1)},
 [111] = {shape="Normal", cframe=CFrame.new(-51.00246810913086,75.82302856445312,-3.6880955696105957,-0.00006437301635742188,1.0000001192092896,0.000005058944225311279,0.9876959919929504,0.0000642538070678711,-0.15638664364814758,-0.15638664364814758,-0.000005058944225311279,-0.9876959323883057)},
 [112] = {shape="Normal", cframe=CFrame.new(-7.9999847412109375,21,113.5,1,0,0,0,1,0,0,0,1)},
 [113] = {shape="Normal", cframe=CFrame.new(-49.5,50.5,49.994998931884766,0,0,-1,-1,0,0,0,1,0)},
 [114] = {shape="Normal", cframe=CFrame.new(-75.49998474121094,51,74.75010681152344,-1,0,-0,0,0,-1,0,-1,-0)},
 [115] = {shape="Normal", cframe=CFrame.new(-42.959983825683594,134,-50,0,1,0,0,0,-1,-1,0,0)},
 [116] = {shape="Normal", cframe=CFrame.new(-82.70709228515625,60,69.13613891601562,0.7071342468261719,-0,-0.707079291343689,0,1,-0,0.707079291343689,0,0.7071342468261719)},
 [117] = {shape="Normal", cframe=CFrame.new(-86.59616088867188,91,57.468868255615234,0.7071342468261719,-0,-0.707079291343689,0,1,-0,0.707079291343689,0,0.7071342468261719)},
 [118] = {shape="Normal", cframe=CFrame.new(33.5,78,-49.99502944946289,0,0,1,1,0,0,0,1,0)},
 [119] = {shape="Normal", cframe=CFrame.new(-92.49998474121094,117,-11.500003814697266,0,0,-1,0,1,0,1,0,0)},
 [120] = {shape="Normal", cframe=CFrame.new(-66.59614562988281,45.49985122680664,25.4688720703125,0,0,-1,0,1,0,1,0,0)},
 [121] = {shape="Normal", cframe=CFrame.new(-55.49998474121094,52.5,-9.499996185302734,0,0,-1,0,1,0,1,0,0)},
 [122] = {shape="Normal", cframe=CFrame.new(-71.99998474121094,56,-5.999998092651367,0,0,-1,0,1,0,1,0,0)},
 [123] = {shape="Normal", cframe=CFrame.new(-92.49998474121094,115,-11.500003814697266,0,0,-1,0,1,0,1,0,0)},
 [124] = {shape="Normal", cframe=CFrame.new(-29.5,83.99998474121094,-49.995025634765625,0,0,1,1,0,0,0,1,0)},
 [125] = {shape="Normal", cframe=CFrame.new(-51.00246810913086,75.75152587890625,4.505753040313721,-0.00004303455352783203,1.0000001192092896,-0.0000037550926208496094,0.984805166721344,0.00004273653030395508,0.17366358637809753,0.17366358637809753,0.0000037550926208496094,-0.9848053455352783)},
 [126] = {shape="Normal", cframe=CFrame.new(-13.999996185302734,6.4999003410339355,30.5,1,0,0,0,1,0,0,0,1)},
 [127] = {shape="Normal", cframe=CFrame.new(15.087726593017578,31.74384307861328,51.007537841796875,0.6156437397003174,0.000007331371307373047,-0.7880246043205261,-0.7880246043205261,0.000014960765838623047,-0.6156437993049622,0.000007331371307373047,1,0.000014960765838623047)},
 [128] = {shape="Normal", cframe=CFrame.new(-49.9949951171875,50.5,-49.499996185302734,0,1,0,1,0,0,0,0,-1)},
 [129] = {shape="Normal", cframe=CFrame.new(-92.49998474121094,120,-11.500003814697266,0,0,-1,0,1,0,1,0,0)},
 [130] = {shape="Normal", cframe=CFrame.new(-51.00246810913086,37.785186767578125,21.014108657836914,-0.000019431114196777344,0.9999999403953552,0.000010520219802856445,-0.5446730256080627,-0.000019431114196777344,0.8386484384536743,0.8386484384536743,0.000010520219802856445,0.5446730852127075)},
 [131] = {shape="Normal", cframe=CFrame.new(51.0050048828125,50.5,-49.500003814697266,0,1,0,1,0,0,0,0,-1)},
 [132] = {shape="Normal", cframe=CFrame.new(0.23529052734375,87.66171264648438,-51.00371551513672,0,0,1,1,0,0,0,1,0)},
 [133] = {shape="Normal", cframe=CFrame.new(-92.49998474121094,125,-11.500003814697266,0,0,-1,0,1,0,1,0,0)},
 [134] = {shape="Normal", cframe=CFrame.new(37.36764907836914,51.26470947265625,51.006324768066406,0,0,1,1,0,0,0,1,0)},
 [135] = {shape="Normal", cframe=CFrame.new(-96.49998474121094,129,-24.00490379333496,0,0,-1,1,0,0,0,-1,0)},
 [136] = {shape="Normal", cframe=CFrame.new(49.9949951171875,46.99998474121094,36.5,0,-1,0,1,0,-0,0,0,1)},
 [137] = {shape="Normal", cframe=CFrame.new(-49.994998931884766,96,-39.499996185302734,0,1,0,1,0,0,0,0,-1)},
 [138] = {shape="Normal", cframe=CFrame.new(-34,65.5,-49.99502944946289,0,0,1,1,0,0,0,1,0)},
 [139] = {shape="Normal", cframe=CFrame.new(-92.49998474121094,114,-11.500003814697266,0,0,-1,0,1,0,1,0,0)},
 [140] = {shape="Normal", cframe=CFrame.new(-27,46,-25.500003814697266,1,0,0,0,1,0,0,0,1)},
 [141] = {shape="Normal", cframe=CFrame.new(-37.5,83.99998474121094,-49.995025634765625,0,0,1,1,0,0,0,1,0)},
 [142] = {shape="Normal", cframe=CFrame.new(49.9949951171875,71,13.499996185302734,0,-1,0,1,0,-0,0,0,1)},
 [143] = {shape="Normal", cframe=CFrame.new(13.5,72,-49.99502944946289,0,0,1,1,0,0,0,1,0)},
 [144] = {shape="Normal", cframe=CFrame.new(-0.19521713256835938,26.48150634765625,51.007537841796875,0,0,-1,-1,0,0,0,1,0)},
 [145] = {shape="Normal", cframe=CFrame.new(12.000003814697266,32.75,47,-1,0,0,0,1,0,0,0,-1)},
 [146] = {shape="Normal", cframe=CFrame.new(-0.195220947265625,26.481521606445312,-51.002498626708984,0,0,-1,-1,0,0,0,1,0)},
 [147] = {shape="Normal", cframe=CFrame.new(50.5,71.49998474121094,9.5,0,0,-1,0,1,0,1,0,0)},
 [148] = {shape="Normal", cframe=CFrame.new(28.5,79,-49.99502944946289,0,0,1,1,0,0,0,1,0)},
 [149] = {shape="Normal", cframe=CFrame.new(20.5,77,-49.99502944946289,0,0,-1,0,-1,-0,-1,0,-0)},
 [150] = {shape="Normal", cframe=CFrame.new(-49.9995002746582,24.5,-8.499996185302734,-1,0,0,0,1,0,0,0,-1)},
 [151] = {shape="Normal", cframe=CFrame.new(22,78,-49.99502944946289,0,0,-1,0,-1,-0,-1,0,-0)},
 [152] = {shape="Normal", cframe=CFrame.new(49.9949951171875,50.5,-49.500003814697266,0,1,0,1,0,0,0,0,-1)},
 [153] = {shape="Normal", cframe=CFrame.new(20.5,72,-49.99502944946289,0,0,1,0,1,-0,-1,0,0)},
 [154] = {shape="Normal", cframe=CFrame.new(-96.49998474121094,126,-18.000003814697266,0,0,-1,0,1,0,1,0,0)},
 [155] = {shape="Normal", cframe=CFrame.new(23.5,72,-49.99502944946289,0,0,1,0,1,-0,-1,0,0)},
 [156] = {shape="Normal", cframe=CFrame.new(30.5,47.00001525878906,-49.99002456665039,0,0,1,1,0,0,0,1,0)},
 [157] = {shape="Normal", cframe=CFrame.new(-43.49998474121094,58.5,79.0000991821289,1,0,0,0,1,0,0,0,1)},
 [158] = {shape="Normal", cframe=CFrame.new(30.5,41.5,-50.50002670288086,1,0,0,0,1,0,0,0,1)},
