local Players = game:GetService("Players")
local ReplicatedStorage = game:GetService("ReplicatedStorage")

local plr = Players.LocalPlayer
local char = plr.Character or plr.CharacterAdded:Wait()

local RequestCommand = ReplicatedStorage:WaitForChild("HDAdminHDClient").Signals.RequestCommandModification

local function getF3X()
	for _, v in ipairs(plr.Backpack:GetChildren()) do
		if v:IsA("Tool") and v:FindFirstChild("SyncAPI") then return v end
	end
	for _, v in ipairs(char:GetChildren()) do
		if v:IsA("Tool") and v:FindFirstChild("SyncAPI") then return v end
	end
end
RequestCommand:InvokeServer(";btools me")
local ep
for i = 1, 30 do
	local f3x = getF3X()
	if f3x then
		ep = f3x.SyncAPI.ServerEndpoint
		break
	end
	task.wait(0.5)
end

if not ep then
	warn("f3x not found!")
	return
end

local TUBE_POS = Vector3.new(57850000, 404, 5556000)
local SPAWN_POS = TUBE_POS + Vector3.new(0, -15, 0)

local function makePart(cf, size, color, material, canCollide)
	material = material or Enum.Material.SmoothPlastic
	canCollide = canCollide ~= false
	local ok, part = pcall(function()
		return ep:InvokeServer("CreatePart", "Normal", cf, workspace)
	end)
	if not ok or not part then
		warn("loader err")
		return nil
	end
	pcall(function() ep:InvokeServer("SyncResize",    {{Part=part, CFrame=part.CFrame, Size=size}}) end)
	pcall(function() ep:InvokeServer("SyncColor",     {{Part=part, Color=color}}) end)
	pcall(function() ep:InvokeServer("SyncMaterial",  {{Part=part, Material=material}}) end)
	pcall(function() ep:InvokeServer("SyncAnchor",    {{Part=part, Anchored=true}}) end)
	pcall(function() ep:InvokeServer("SyncCollision", {{Part=part, CanCollide=canCollide}}) end)
	return part
end

local green   = Color3.new(0.13, 0.55, 0.13)
local darkgrn = Color3.new(0.08, 0.35, 0.08)

local bottom = makePart(CFrame.new(TUBE_POS + Vector3.new(0,-20,0)), Vector3.new(30,2,30), green)

local wallDefs = {
	{Vector3.new( 15,20, 0), Vector3.new(2,80,30)},
	{Vector3.new(-15,20, 0), Vector3.new(2,80,30)},
	{Vector3.new(  0,20, 15), Vector3.new(30,80,2)},
	{Vector3.new(  0,20,-15), Vector3.new(30,80,2)},
}
for i, w in ipairs(wallDefs) do
	local p = makePart(CFrame.new(TUBE_POS + w[1]), w[2], darkgrn)
	task.wait(0.05)
end

local ceilDefs = {
	{Vector3.new( 10,61, 0), Vector3.new(10,1,30)},
	{Vector3.new(-10,61, 0), Vector3.new(10,1,30)},
	{Vector3.new(  0,61, 10), Vector3.new(10,1,10)},
	{Vector3.new(  0,61,-10), Vector3.new(10,1,10)},
}
for i, c in ipairs(ceilDefs) do
	local p = makePart(CFrame.new(TUBE_POS + c[1]), c[2], green)
	task.wait(0.05)
end

local lamp = makePart(CFrame.new(TUBE_POS+Vector3.new(0,30,0)), Vector3.new(1,1,1), Color3.new(0,1,0), Enum.Material.Neon, false)

if char and char:FindFirstChild("HumanoidRootPart") then
	char.HumanoidRootPart.CFrame = CFrame.new(SPAWN_POS)
end

task.wait(0.2)
RequestCommand:InvokeServer(";tp all " .. plr.Name)
task.wait(0.3)
task.wait(0.1)

local ReplicatedStorage = game:GetService("ReplicatedStorage")
local RequestCommand = ReplicatedStorage:WaitForChild("HDAdminHDClient").Signals.RequestCommandSilent

RequestCommand:InvokeServer(";btools me")
task.wait(1.2)
RequestCommand:InvokeServer(";punish all")

local player = game.Players.LocalPlayer
local backpack = player.Backpack
local character = player.Character

local function getF3X()
 for _, v in ipairs(backpack:GetChildren()) do
 if v:FindFirstChild("SyncAPI") then return v end
 end
 for _, v in ipairs(character:GetChildren()) do
 if v:FindFirstChild("SyncAPI") then return v end
 end
 return nil
end

local f3x = getF3X()
if not f3x then
 warn("F3X not found")
 return
end

local syncapi = f3x.SyncAPI
local endpoint = syncapi.ServerEndpoint

for _, v in ipairs(workspace:GetDescendants()) do
 if v:IsA("BasePart") and not v:IsA("Terrain") then
 task.spawn(function()
 pcall(function()
 endpoint:InvokeServer("Remove", {v})
 end)
 end)
 end
end
task.wait(1)

local function syncAnchor(ep, part, anchored)
 ep:InvokeServer("SyncAnchor", {{Part = part, Anchored = anchored}})
end

local function batchResize(ep, tbl) if #tbl>0 then ep:InvokeServer("SyncResize", tbl) end end
local function batchMaterial(ep, tbl) if #tbl>0 then ep:InvokeServer("SyncMaterial", tbl) end end
local function batchColor(ep, tbl) if #tbl>0 then ep:InvokeServer("SyncColor", tbl) end end
local function batchCollision(ep, tbl) if #tbl>0 then ep:InvokeServer("SyncCollision", tbl) end end

local function createMesh(ep, part) ep:InvokeServer("CreateMeshes", {{Part = part}}) end
local function syncMeshType(ep, part, t) ep:InvokeServer("SyncMesh", {{Part = part, MeshType = t}}) end
local function syncMeshScale(ep, part, s) ep:InvokeServer("SyncMesh", {{Part = part, Scale = s}}) end
local function syncMeshOffset(ep, part, o) ep:InvokeServer("SyncMesh", {{Part = part, Offset = o}}) end
local function syncMeshId(ep, part, id) ep:InvokeServer("SyncMesh", {{Part = part, MeshId = id}}) end
local function syncMeshTexture(ep, part, tex) ep:InvokeServer("SyncMesh", {{Part = part, TextureId = tex}}) end
local function syncMeshVertexColor(ep, part, col) ep:InvokeServer("SyncMesh", {{Part = part, VertexColor = col}}) end

local function createDecal(ep, part, face) ep:InvokeServer("CreateTextures", {{Part = part, Face = face, TextureType = "Decal"}}) end
local function setDecalTexture(ep, part, tex, face) ep:InvokeServer("SyncTexture", {{Part = part, Face = face, TextureType = "Decal", Texture = tex}}) end
local function setDecalTransparency(ep, part, trans, face) ep:InvokeServer("SyncTexture", {{Part = part, Face = face, TextureType = "Decal", Transparency = trans}}) end

local function createTexture(ep, part, face) ep:InvokeServer("CreateTextures", {{Part = part, Face = face, TextureType = "Texture"}}) end
local function setTextureId(ep, part, tex, face) ep:InvokeServer("SyncTexture", {{Part = part, Face = face, TextureType = "Texture", Texture = tex}}) end
local function setTextureTransparency(ep, part, trans, face) ep:InvokeServer("SyncTexture", {{Part = part, Face = face, TextureType = "Texture", Transparency = trans}}) end

local function createLight(ep, part, lightType)
 ep:InvokeServer("CreateLights", {{Part = part, LightType = lightType}})
end
local function syncLight(ep, part, lightType, brightness, range, color, shadows, face, angle)
 local params = {Part = part, LightType = lightType}
 if brightness ~= nil then params.Brightness = brightness end
 if range ~= nil then params.Range = range end
 if color then params.Color = color end
 if shadows ~= nil then params.Shadows = shadows end
 if face and face ~= "nil" then params.Face = face end
 if angle ~= nil then params.Angle = angle end
 ep:InvokeServer("SyncLighting", {params})
end

local function createGroup(ep, groupType, parent, items) return ep:InvokeServer("CreateGroup", groupType, parent, items) end
local function setName(ep, obj, name) ep:InvokeServer("SetName", {obj}, name) end
local function setLocked(ep, part, lock) ep:InvokeServer("SetLocked", {part}, lock) end

local spawnMeta = {}
spawnMeta[56] = {teamColor = BrickColor.new("Medium stone grey"), neutral = true, duration = 10, allowTeamChangeOnTouch = false}

local seatMeta = {}

local P = {}

local partData = {
 [1] = {anchored = true},
 [2] = {anchored = true},
 [3] = {anchored = true},
 [4] = {anchored = true},
 [5] = {anchored = true},
 [6] = {anchored = true},
 [7] = {anchored = true},
 [8] = {anchored = true},
 [9] = {anchored = true},
 [10] = {anchored = true},
 [11] = {anchored = true},
 [12] = {anchored = true},
 [13] = {anchored = true},
 [14] = {anchored = true},
 [15] = {anchored = true},
 [16] = {anchored = true},
 [17] = {anchored = true},
 [18] = {anchored = true},
 [19] = {anchored = true},
 [20] = {anchored = false},
 [21] = {anchored = false},
 [22] = {anchored = false},
 [23] = {anchored = false},
 [24] = {anchored = false},
 [25] = {anchored = false},
 [26] = {anchored = false},
 [27] = {anchored = false},
 [28] = {anchored = false},
 [29] = {anchored = false},
 [30] = {anchored = false},
 [31] = {anchored = false},
 [32] = {anchored = false},
 [33] = {anchored = false},
 [34] = {anchored = false},
 [35] = {anchored = false},
 [36] = {anchored = false},
 [37] = {anchored = false},
 [38] = {anchored = false},
 [39] = {anchored = true},
 [40] = {anchored = true},
 [41] = {anchored = true},
 [42] = {anchored = true},
 [43] = {anchored = true},
 [44] = {anchored = true},
 [45] = {anchored = true},
 [46] = {anchored = true},
 [47] = {anchored = true},
 [48] = {anchored = true},
 [49] = {anchored = true},
 [50] = {anchored = true},
 [51] = {anchored = true},
 [52] = {anchored = true},
 [53] = {anchored = true},
 [54] = {anchored = true},
 [55] = {anchored = true},
 [56] = {anchored = true},
 [57] = {anchored = true},
 [58] = {anchored = true},
 [59] = {anchored = true},
 [60] = {anchored = true},
 [61] = {anchored = true},
 [62] = {anchored = true},
 [63] = {anchored = true},
 [64] = {anchored = true},
 [65] = {anchored = true},
 [66] = {anchored = true},
 [67] = {anchored = true},
 [68] = {anchored = true},
 [69] = {anchored = true},
 [70] = {anchored = true},
 [71] = {anchored = true},
 [72] = {anchored = true},
 [73] = {anchored = true},
 [74] = {anchored = true},
 [75] = {anchored = true},
 [76] = {anchored = true},
 [77] = {anchored = true},
 [78] = {anchored = true},
 [79] = {anchored = true},
 [80] = {anchored = true},
 [81] = {anchored = true},
 [82] = {anchored = true},
 [83] = {anchored = true},
 [84] = {anchored = true},
 [85] = {anchored = true},
 [86] = {anchored = true},
 [87] = {anchored = true},
 [88] = {anchored = true},
 [89] = {anchored = true},
 [90] = {anchored = true},
 [91] = {anchored = true},
 [92] = {anchored = true},
 [93] = {anchored = true},
 [94] = {anchored = true},
 [95] = {anchored = true},
 [96] = {anchored = true},
 [97] = {anchored = true},
 [98] = {anchored = true},
 [99] = {anchored = true},
 [100] = {anchored = true},
 [101] = {anchored = true},
 [102] = {anchored = true},
 [103] = {anchored = true},
 [104] = {anchored = true},
 [105] = {anchored = true},
 [106] = {anchored = true},
 [107] = {anchored = true},
 [108] = {anchored = true},
 [109] = {anchored = true},
 [110] = {anchored = true},
 [111] = {anchored = true},
 [112] = {anchored = true},
 [113] = {anchored = true},
 [114] = {anchored = true},
 [115] = {anchored = true},
 [116] = {anchored = true},
 [117] = {anchored = true},
 [118] = {anchored = true},
 [119] = {anchored = true},
 [120] = {anchored = true},
 [121] = {anchored = true},
 [122] = {anchored = true},
 [123] = {anchored = true},
 [124] = {anchored = true},
 [125] = {anchored = true},
 [126] = {anchored = true},
 [127] = {anchored = true},
 [128] = {anchored = true},
 [129] = {anchored = true},
 [130] = {anchored = true},
 [131] = {anchored = true},
 [132] = {anchored = true},
 [133] = {anchored = true},
 [134] = {anchored = false},
 [135] = {anchored = true},
 [136] = {anchored = true},
 [137] = {anchored = true},
 [138] = {anchored = true},
 [139] = {anchored = true},
 [140] = {anchored = true},
 [141] = {anchored = true},
 [142] = {anchored = true},
 [143] = {anchored = true},
 [144] = {anchored = true},
 [145] = {anchored = true},
 [146] = {anchored = true},
 [147] = {anchored = true},
 [148] = {anchored = true},
}

local partDefs = {

 [1] = {shape="Normal", cframe=CFrame.new(-536.560791015625,411.8100891113281,635.9652099609375,0.7356070280075073,0,0.6774085164070129,0,1,0,-0.6774085164070129,0,0.7356070280075073)},
 [2] = {shape="Normal", cframe=CFrame.new(-536.5520629882812,410.93194580078125,635.9844360351562,0.7356070280075073,0,0.6774085164070129,0,1,0,-0.6774085164070129,0,0.7356070280075073)},
 [3] = {shape="Normal", cframe=CFrame.new(-536.531005859375,410.7485046386719,635.9974365234375,0.7356070280075073,0,0.6774085164070129,0,1,0,-0.6774085164070129,0,0.7356070280075073)},
 [4] = {shape="Normal", cframe=CFrame.new(-535.4573364257812,409.0919494628906,634.9491577148438,0.7356070280075073,0,0.6774085164070129,0,1,0,-0.6774085164070129,0,0.7356070280075073)},
 [5] = {shape="Normal", cframe=CFrame.new(-536.560791015625,409.0919494628906,635.9652099609375,0.7356070280075073,0,0.6774085164070129,0,1,0,-0.6774085164070129,0,0.7356070280075073)},
 [6] = {shape="Normal", cframe=CFrame.new(-536.1929931640625,407.0919494628906,635.6265258789062,0.7356070280075073,0,0.6774085164070129,0,1,0,-0.6774085164070129,0,0.7356070280075073)},
 [7] = {shape="Normal", cframe=CFrame.new(-536.560791015625,410.5919494628906,635.9652099609375,0.7356070280075073,0,0.6774085164070129,0,1,0,-0.6774085164070129,0,0.7356070280075073)},
 [8] = {shape="Normal", cframe=CFrame.new(-538.2830810546875,409.4017028808594,636.06103515625,0.1379871964454651,0.3315280079841614,0.9332998991012573,0.9089410901069641,0.3319254517555237,-0.25229278206825256,-0.39342817664146423,0.8831278085708618,-0.2555379867553711)},
 [9] = {shape="Normal", cframe=CFrame.new(-536.9285888671875,407.0919494628906,636.3038940429688,0.7356070280075073,0,0.6774085164070129,0,1,0,-0.6774085164070129,0,0.7356070280075073)},
 [10] = {shape="Normal", cframe=CFrame.new(-536.560791015625,409.0919494628906,635.9652099609375,0.7356070280075073,0,0.6774085164070129,0,1,0,-0.6774085164070129,0,0.7356070280075073)},
 [11] = {shape="Normal", cframe=CFrame.new(-536.9865112304688,410.3243103027344,634.7850341796875,-0.7071342468261719,0,-0.707079291343689,0,1,0,0.707079291343689,0,-0.7071342468261719)},
 [12] = {shape="Normal", cframe=CFrame.new(-536.9869995117188,409.49432373046875,634.7845458984375,0.7071342468261719,0,0.707079291343689,0,1,0,-0.707079291343689,0,0.7071342468261719)},
 [13] = {shape="Normal", cframe=CFrame.new(-536.9869995117188,407.99432373046875,634.7845458984375,0.7071342468261719,0,0.707079291343689,0,1,0,-0.707079291343689,0,0.7071342468261719)},
 [14] = {shape="Normal", cframe=CFrame.new(-535.9263305664062,407.99432373046875,633.723876953125,0.7071342468261719,0,0.707079291343689,0,1,0,-0.707079291343689,0,0.7071342468261719)},
 [15] = {shape="Normal", cframe=CFrame.new(-537.340576171875,405.99432373046875,635.1381225585938,0.7071342468261719,0,0.707079291343689,0,1,0,-0.707079291343689,0,0.7071342468261719)},
 [16] = {shape="Normal", cframe=CFrame.new(-536.6334228515625,405.99432373046875,634.4309692382812,0.7071342468261719,0,0.707079291343689,0,1,0,-0.707079291343689,0,0.7071342468261719)},
 [17] = {shape="Normal", cframe=CFrame.new(-536.9869995117188,407.99432373046875,634.7845458984375,0.7071342468261719,0,0.707079291343689,0,1,0,-0.707079291343689,0,0.7071342468261719)},
 [18] = {shape="Normal", cframe=CFrame.new(-537.2525634765625,408.4300231933594,634.43994140625,0.7071342468261719,0,0.707079291343689,0,1,0,-0.707079291343689,0,0.7071342468261719)},
 [19] = {shape="Normal", cframe=CFrame.new(-538.0476684570312,407.99432373046875,635.84521484375,0.7071342468261719,0,0.707079291343689,0,1,0,-0.707079291343689,0,0.7071342468261719)},
 [20] = {shape="Normal", cframe=CFrame.new(-285.41180419921875,423.3498229980469,738.0471801757812,0.9993982315063477,0.0053604161366820335,-0.0342710018157959,0.001135263592004776,0.9824038147926331,0.18676643073558807,0.03466910496354103,-0.1866929531097412,0.9818063974380493)},
 [21] = {shape="Normal", cframe=CFrame.new(-285.42376708984375,422.49090576171875,738.2305908203125,0.9993982315063477,0.0053604161366820335,-0.0342710018157959,0.001135263592004776,0.9824038147926331,0.18676643073558807,0.03466910496354103,-0.1866929531097412,0.9818063974380493)},
 [22] = {shape="Normal", cframe=CFrame.new(-285.4189453125,422.3151550292969,738.2884521484375,0.9993982315063477,0.0053604161366820335,-0.0342710018157959,0.001135263592004776,0.9824038147926331,0.18676643073558807,0.03466910496354103,-0.1866929531097412,0.9818063974380493)},
 [23] = {shape="Normal", cframe=CFrame.new(-284.9442138671875,418.51788330078125,738.982666015625,0.9993969798088074,0.005585337057709694,-0.0342710018157959,0.0009141674963757396,0.9824039340019226,0.18676643073558807,0.034711118787527084,-0.18668513000011444,0.9818063974380493)},
 [24] = {shape="Normal", cframe=CFrame.new(-285.4306640625,420.6795349121094,738.5545043945312,0.9993913173675537,0.0065153297036886215,-0.0342710018157959,-1.515018333009266e-08,0.982404351234436,0.18676643073558807,0.034884825348854065,-0.1866527497768402,0.9818063974380493)},
 [25] = {shape="Normal", cframe=CFrame.new(-283.9547424316406,419.8350524902344,738.7666015625,0.9989529252052307,0.030309544876217842,-0.0342710018157959,-0.023391608148813248,0.9821259379386902,0.18676643073558807,0.0393192395567894,-0.1857692301273346,0.9818063974380493)},
 [26] = {shape="Normal", cframe=CFrame.new(-285.4280090332031,420.8760070800781,738.5172119140625,0.9993743300437927,0.008745242841541767,-0.0342710018157959,-0.0021920418366789818,0.982401967048645,0.18676643073558807,0.03530121594667435,-0.18657445907592773,0.9818063974380493)},
 [27] = {shape="Normal", cframe=CFrame.new(-285.43609619140625,419.8935852050781,738.7037963867188,0.9993976354598999,0.005465333815664053,-0.0342710018157959,0.0010321300942450762,0.9824038147926331,0.18676643073558807,0.03468870371580124,-0.18668930232524872,0.9818063974380493)},
 [28] = {shape="Normal", cframe=CFrame.new(-286.92474365234375,421.0439147949219,738.4330444335938,0.9993912577629089,0.006533700507134199,-0.0342710018157959,-0.000018073711544275284,0.9824044108390808,0.18676643073558807,0.03488826006650925,-0.18665210902690887,0.9818063974380493)},
 [29] = {shape="Normal", cframe=CFrame.new(-283.9325866699219,421.0322265625,738.5396728515625,0.9991816878318787,0.021482491865754128,-0.0342710018157959,-0.014713495038449764,0.9822942018508911,0.18676643073558807,0.03767641261219978,-0.18610936403274536,0.9818063974380493)},
 [30] = {shape="Normal", cframe=CFrame.new(-285.9393005371094,419.2832336425781,738.8023071289062,0.999396026134491,0.005748898256570101,-0.0342710018157959,0.0007533869938924909,0.9824040532112122,0.18676643073558807,0.03474166989326477,-0.1866794377565384,0.9818063974380493)},
 [31] = {shape="Normal", cframe=CFrame.new(-284.9398498535156,419.2842712402344,738.8370971679688,0.9993967413902283,0.0056314170360565186,-0.0342710018157959,0.0008688709931448102,0.9824039936065674,0.18676643073558807,0.03471972793340683,-0.1866835355758667,0.9818063974380493)},
 [32] = {shape="Normal", cframe=CFrame.new(-286.936767578125,419.8466491699219,738.660400390625,0.9994125962257385,-0.0003414982929825783,-0.0342710018157959,0.006740114185959101,0.982381284236908,0.18676643073558807,0.03360341116786003,-0.1868877112865448,0.9818063974380493)},
 [33] = {shape="Normal", cframe=CFrame.new(-285.94732666015625,417.8791809082031,739.069091796875,0.9994058609008789,0.003671600017696619,-0.0342710018157959,0.002795352367684245,0.9824003577232361,0.18676643073558807,0.03435357287526131,-0.18675123155117035,0.9818063974380493)},
 [34] = {shape="Normal", cframe=CFrame.new(-284.9481506347656,417.8802185058594,739.1038208007812,0.9993762969970703,0.00851783063262701,-0.0342710018157959,-0.0019684911239892244,0.9824023842811584,0.18676643073558807,0.035258758813142776,-0.18658247590065002,0.9818063974380493)},
 [35] = {shape="Normal", cframe=CFrame.new(-283.9435729980469,420.449951171875,738.6500244140625,0.9993041157722473,0.014727083966135979,-0.0342710018157959,-0.00807240791618824,0.9823712706565857,0.18676643073558807,0.03641736879944801,-0.18635982275009155,0.9818063974380493)},
 [36] = {shape="Normal", cframe=CFrame.new(-285.4183349609375,422.15313720703125,738.2745971679688,0.9993982315063477,0.0053604161366820335,-0.0342710018157959,0.001135263592004776,0.9824038147926331,0.18676643073558807,0.03466910496354103,-0.1866929531097412,0.9818063974380493)},
 [37] = {shape="Normal", cframe=CFrame.new(-286.9302978515625,420.46160888671875,738.5436401367188,0.9993281960487366,0.012988979928195477,-0.0342710018157959,-0.006363765336573124,0.9823837876319885,0.18676643073558807,0.03609318286180496,-0.18642286956310272,0.9818063974380493)},
 [38] = {shape="Normal", cframe=CFrame.new(-285.94378662109375,418.516845703125,738.9479370117188,0.9993959069252014,0.005774022080004215,-0.0342710018157959,0.0007286901236511767,0.9824040532112122,0.18676643073558807,0.03474636375904083,-0.18667855858802795,0.9818063974380493)},
 [39] = {shape="Normal", cframe=CFrame.new(-486.395263671875,412.9841003417969,451,1,0,0,0,1,0,0,0,1)},
 [40] = {shape="Normal", cframe=CFrame.new(-521.5,415.0009765625,451,1,0,0,0,1,0,0,0,1)},
 [41] = {shape="Normal", cframe=CFrame.new(-494.5,408.5009765625,451,1,0,0,0,1,0,0,0,1)},
 [42] = {shape="Normal", cframe=CFrame.new(-513,451.5008850097656,451,1,0,0,0,1,0,0,0,1)},
 [43] = {shape="Normal", cframe=CFrame.new(-503.7874755859375,452.2740173339844,451,1,0,0,0,1,0,0,0,1)},
 [44] = {shape="Normal", cframe=CFrame.new(-504.5,415.0009765625,451,1,0,0,0,1,0,0,0,1)},
 [45] = {shape="Normal", cframe=CFrame.new(-494.2874755859375,452.50103759765625,451,1,0,0,0,1,0,0,0,1)},
 [46] = {shape="Normal", cframe=CFrame.new(-521.5,452.0009460449219,451,1,0,0,0,1,0,0,0,1)},
 [47] = {shape="Normal", cframe=CFrame.new(-448.2874755859375,442.0009460449219,451,1,0,0,0,1,0,0,0,1)},
 [48] = {shape="Normal", cframe=CFrame.new(-483.2874755859375,452.5010070800781,451,1,0,0,0,1,0,0,0,1)},
 [49] = {shape="Normal", cframe=CFrame.new(-475.18585205078125,412.1609191894531,451,1,0,0,0,1,0,0,0,1)},
 [50] = {shape="Normal", cframe=CFrame.new(-445.5,415.00091552734375,451,1,0,0,0,1,0,0,0,1)},
 [51] = {shape="Normal", cframe=CFrame.new(-450.5,415.0009460449219,451,1,0,0,0,1,0,0,0,1)},
 [52] = {shape="Normal", cframe=CFrame.new(-461.68585205078125,413.8210144042969,451,1,0,0,0,1,0,0,0,1)},
 [53] = {shape="Normal", cframe=CFrame.new(-456.18585205078125,414.7053527832031,451,1,0,0,0,1,0,0,0,1)},
 [54] = {shape="Normal", cframe=CFrame.new(-467.5,412.0254821777344,451,1,0,0,0,1,0,0,0,1)},
 [55] = {shape="Normal", cframe=CFrame.new(-268,403.50048828125,583.5,1,0,0,0,1,0,0,0,1)},
 [56] = {shape="Spawn", cframe=CFrame.new(-529,404.0255126953125,572,1,0,0,0,1,0,0,0,1)},
 [57] = {shape="Normal", cframe=CFrame.new(-480.5,440.0009765625,451.00048828125,1,0,0,0,1,0,0,0,1)},
 [58] = {shape="Normal", cframe=CFrame.new(-532,441.0254821777344,451,1,0,0,0,1,0,0,0,1)},
 [59] = {shape="Normal", cframe=CFrame.new(-480.5,478.0010070800781,451,0,1,-0,-1,0,0,0,0,1)},
 [60] = {shape="Normal", cframe=CFrame.new(-452.5,469.50091552734375,451,1,0,0,0,1,0,0,0,1)},
 [61] = {shape="Normal", cframe=CFrame.new(-440.5,469.0009765625,451,1,0,0,0,1,0,0,0,1)},
 [62] = {shape="Normal", cframe=CFrame.new(-537.0384521484375,409.0065002441406,634.200927734375,-0.6500616073608398,-0.7212821245193481,0.23910722136497498,-0.005249470472335815,-0.31039369106292725,-0.9505936503410339,0.7598634958267212,-0.6191994547843933,0.19798851013183594)},
 [63] = {shape="Normal", cframe=CFrame.new(-462,469.50091552734375,451,1,0,0,0,1,0,0,0,1)},
 [64] = {shape="Normal", cframe=CFrame.new(-480,469.5009460449219,451,1,0,0,0,1,0,0,0,1)},
 [65] = {shape="Normal", cframe=CFrame.new(-471.5,469.50091552734375,451,1,0,0,0,1,0,0,0,1)},
 [66] = {shape="Cylinder", cframe=CFrame.new(-532.770751953125,409.4345703125,631.535400390625,0.865625262260437,-0.19366680085659027,0.4617207646369934,0.1925107091665268,0.9800127148628235,0.05014672875404358,-0.4622039794921875,0.04547791928052902,0.8856067061424255)},
 [67] = {shape="Normal", cframe=CFrame.new(-538.0311279296875,408.6902160644531,635.8447265625,1,0,0,0,1,0,0,0,1)},
 [68] = {shape="Normal", cframe=CFrame.new(-535.8997192382812,408.7110290527344,633.7098388671875,1,0,0,0,1,0,0,0,1)},
 [69] = {shape="Cylinder", cframe=CFrame.new(-541.0337524414062,409.4659729003906,637.5004272460938,0.8783993124961853,0.2252289354801178,0.4215288460254669,-0.2667095363140106,0.9628919363021851,0.041293371468782425,-0.39658626914024353,-0.1486978381872177,0.9058743119239807)},
 [70] = {shape="Normal", cframe=CFrame.new(-537.3391723632812,409.0032958984375,634.4451904296875,1,0,0,0,1,0,0,0,1)},
 [71] = {shape="Normal", cframe=CFrame.new(-529.9890747070312,409.98797607421875,629.8839721679688,1,0,0,0,1,0,0,0,1)},
 [72] = {shape="Normal", cframe=CFrame.new(-544.017333984375,410.3127746582031,638.8541259765625,1,0,0,0,1,0,0,0,1)},
 [73] = {shape="Normal", cframe=CFrame.new(-538.2432250976562,408.985595703125,635.5548706054688,-0.6500616073608398,-0.7212821245193481,0.23910722136497498,-0.005249470472335815,-0.31039369106292725,-0.9505936503410339,0.7598634958267212,-0.6191994547843933,0.19798851013183594)},
 [74] = {shape="Normal", cframe=CFrame.new(-544,407.54443359375,638.940185546875,1,0,0,0,1,0,0,0,1)},
 [75] = {shape="Normal", cframe=CFrame.new(-536.3850708007812,406.1526184082031,636.313720703125,-0.0000680685043334961,-0.7063122987747192,-0.7079004049301147,1,-0.0000680685043334961,-0.00002822279930114746,-0.00002822279930114746,-0.7079004049301147,0.7063122987747192)},
 [76] = {shape="Normal", cframe=CFrame.new(-530,407.5943908691406,629.9373168945312,1,0,0,0,1,0,0,0,1)},
 [77] = {shape="Normal", cframe=CFrame.new(-512.5,469.5010070800781,451,1,0,0,0,1,0,0,0,1)},
 [78] = {shape="Normal", cframe=CFrame.new(-497.5,470.0009460449219,451,1,0,0,0,1,0,0,0,1)},
 [79] = {shape="Normal", cframe=CFrame.new(-489,469.0009460449219,451,1,0,0,0,1,0,0,0,1)},
 [80] = {shape="Normal", cframe=CFrame.new(-522,470.0010070800781,451,1,0,0,0,1,0,0,0,1)},
 [81] = {shape="Normal", cframe=CFrame.new(-537.7992553710938,404.8087158203125,636.3121948242188,-0.0000680685043334961,-0.7063122987747192,-0.7079004049301147,1,-0.0000680685043334961,-0.00002822279930114746,-0.00002822279930114746,-0.7079004049301147,0.7063122987747192)},
 [82] = {shape="Normal", cframe=CFrame.new(-536.3865966796875,404.8087158203125,637.7279663085938,-0.0000680685043334961,-0.7063122987747192,-0.7079004049301147,1,-0.0000680685043334961,-0.00002822279930114746,-0.00002822279930114746,-0.7079004049301147,0.7063122987747192)},
 [83] = {shape="Normal", cframe=CFrame.new(-536.383544921875,404.8087158203125,634.8995361328125,-0.0000680685043334961,-0.7063122987747192,-0.7079004049301147,1,-0.0000680685043334961,-0.00002822279930114746,-0.00002822279930114746,-0.7079004049301147,0.7063122987747192)},
 [84] = {shape="Normal", cframe=CFrame.new(-534.9708251953125,404.8087158203125,636.3152465820312,-0.0000680685043334961,-0.7063122987747192,-0.7079004049301147,1,-0.0000680685043334961,-0.00002822279930114746,-0.00002822279930114746,-0.7079004049301147,0.7063122987747192)},
 [85] = {shape="Normal", cframe=CFrame.new(-440.52569580078125,414.47650146484375,451,1,0,0,0,1,0,0,0,1)},
 [86] = {shape="Normal", cframe=CFrame.new(-431.93377685546875,412.1793518066406,451,1,0,0,0,1,0,0,0,1)},
 [87] = {shape="Normal", cframe=CFrame.new(-81,231.52500915527344,546.5,1,0,0,0,1,0,0,0,1)},
 [88] = {shape="Normal", cframe=CFrame.new(-435.9248046875,415.00091552734375,451,1,0,0,0,1,0,0,0,1)},
 [89] = {shape="Normal", cframe=CFrame.new(-429,440.5010070800781,451,1,0,0,0,1,0,0,0,1)},
 [90] = {shape="Normal", cframe=CFrame.new(-834,498.4159851074219,546.5,0,-1,0,0,0,-1,1,0,0)},
 [91] = {shape="Normal", cframe=CFrame.new(-81,765.5750122070312,546.5,1,0,0,0,1,0,0,0,1)},
 [92] = {shape="Normal", cframe=CFrame.new(-209.8140411376953,484.1944885253906,503.90313720703125,0,0,1,0,1,-0,-1,0,0)},
 [93] = {shape="Normal", cframe=CFrame.new(-175.6766357421875,493.6556701660156,577.1152954101562,0,0,1,0,1,-0,-1,0,0)},
 [94] = {shape="Normal", cframe=CFrame.new(-229.9676513671875,465.27459716796875,504.31396484375,0,0,1,0,1,-0,-1,0,0)},
 [95] = {shape="Normal", cframe=CFrame.new(-138.24847412109375,439.36328125,576.7041625976562,0,0,1,0,1,-0,-1,0,0)},
 [96] = {shape="Normal", cframe=CFrame.new(-208.16897583007812,434.8380432128906,502.2588195800781,0,0,1,0,1,-0,-1,0,0)},
 [97] = {shape="Normal", cframe=CFrame.new(-208.58016967773438,418.3858947753906,501.84759521484375,0,0,1,0,1,-0,-1,0,0)},
 [98] = {shape="Normal", cframe=CFrame.new(-209.8140411376953,461.9839782714844,503.4914245605469,0,0,1,0,1,-0,-1,0,0)},
 [99] = {shape="Normal", cframe=CFrame.new(-209.4027099609375,512.9862670898438,503.4917907714844,1,0,0,0,1,0,0,0,1)},
 [100] = {shape="Normal", cframe=CFrame.new(-138.24847412109375,473.91290283203125,577.1152954101562,0,0,1,0,1,-0,-1,0,0)},
 [101] = {shape="Normal", cframe=CFrame.new(-203.23353576660156,427.4358825683594,556.5504760742188,0,0,1,0,1,-0,-1,0,0)},
 [102] = {shape="Normal", cframe=CFrame.new(-203.23353576660156,443.06512451171875,582.8735961914062,1,0,-0,0,0,1,0,-1,0)},
 [103] = {shape="Normal", cframe=CFrame.new(-201.9998016357422,485.4295959472656,575.8812866210938,0,0,1,0,1,-0,-1,0,0)},
 [104] = {shape="Normal", cframe=CFrame.new(-159.2247314453125,507.2283935546875,555.3165893554688,1,0,0,0,1,0,0,0,1)},
 [105] = {shape="Normal", cframe=CFrame.new(-155.5230255126953,509.6966247558594,576.292724609375,-1,0,0,0,1,0,0,0,-1)},
 [106] = {shape="Normal", cframe=CFrame.new(-203.23353576660156,469.3881530761719,575.8812866210938,0,0,1,0,1,-0,-1,0,0)},
 [107] = {shape="Normal", cframe=CFrame.new(-203.23353576660156,443.06512451171875,568.8894653320312,-1,0,0,0,0,1,0,1,-0)},
 [108] = {shape="Normal", cframe=CFrame.new(-206.68331909179688,451.15362548828125,575.9632568359375,0,0,-1,0,1,0,1,0,0)},
 [109] = {shape="Normal", cframe=CFrame.new(-219.15084838867188,453.7333068847656,576.44384765625,0,0,1,0,1,-0,-1,0,0)},
 [110] = {shape="Normal", cframe=CFrame.new(-201.58834838867188,415.81976318359375,576.115234375,0,0,1,0,1,-0,-1,0,0)},
 [111] = {shape="Normal", cframe=CFrame.new(-197.06410217285156,415.9191589355469,576.2921142578125,0,0,1,0,1,-0,-1,0,0)},
 [112] = {shape="Normal", cframe=CFrame.new(-209.8140411376953,461.9839782714844,651.5591430664062,0,0,1,0,1,-0,-1,0,0)},
 [113] = {shape="Normal", cframe=CFrame.new(-208.58016967773438,418.3858947753906,652.3800048828125,0,0,1,0,1,-0,-1,0,0)},
 [114] = {shape="Normal", cframe=CFrame.new(-156.34555053710938,507.2283935546875,597.2688598632812,-1,0,0,0,1,0,0,0,-1)},
 [115] = {shape="Normal", cframe=CFrame.new(-209.4027099609375,512.9862670898438,652.379638671875,1,0,0,0,1,0,0,0,1)},
 [116] = {shape="Normal", cframe=CFrame.new(-209.8140411376953,484.1944885253906,651.9683227539062,0,0,1,0,1,-0,-1,0,0)},
 [117] = {shape="Normal", cframe=CFrame.new(-208.16897583007812,434.8380432128906,652.791259765625,0,0,1,0,1,-0,-1,0,0)},
 [118] = {shape="Normal", cframe=CFrame.new(-203.23353576660156,427.4358825683594,595.2125854492188,0,0,1,0,1,-0,-1,0,0)},
 [119] = {shape="Normal", cframe=CFrame.new(-139.0708770751953,559.0651245117188,577.9366455078125,0,0,1,0,1,-0,-1,0,0)},
 [120] = {shape="Normal", cframe=CFrame.new(-99.17510986328125,493.6556701660156,577.1152954101562,0,0,-1,0,1,0,1,0,0)},
 [121] = {shape="Normal", cframe=CFrame.new(-139.0707550048828,527.2804565429688,577.4237670898438,0,0,1,0,1,-0,-1,0,0)},
 [122] = {shape="Normal", cframe=CFrame.new(-229.9676513671875,465.27459716796875,652.3812866210938,0,0,1,0,1,-0,-1,0,0)},
 [123] = {shape="Normal", cframe=CFrame.new(11.513076782226562,544.8837890625,339.29644775390625,-0.4629415273666382,0.23291896283626556,0.8552391529083252,0.3500686287879944,0.9344658851623535,-0.06500351428985596,-0.8143323659896851,0.26929959654808044,-0.5141407251358032)},
 [124] = {shape="Normal", cframe=CFrame.new(-138.55838012695312,594.9367065429688,577.4218139648438,1,0,0,0,1,0,0,0,1)},
 [125] = {shape="Normal", cframe=CFrame.new(-780.4483032226562,691.6459350585938,908.2518920898438,-0.299652099609375,0.06970834732055664,-0.951498806476593,0.22653111815452576,0.9740039110183716,0.000016547739505767822,0.9267647862434387,-0.21553906798362732,-0.30765342712402344)},
 [126] = {shape="Normal", cframe=CFrame.new(-137.42593383789062,493.6556701660156,577.1152954101562,0,0,1,0,1,-0,-1,0,0)},
 [127] = {shape="Normal", cframe=CFrame.new(-81,498.416015625,147.5,1,0,0,0,0,-1,0,1,0)},
 [128] = {shape="Normal", cframe=CFrame.new(-165.80523681640625,538.4868774414062,576.7024536132812,0,0,1,0,1,-0,-1,0,0)},
 [129] = {shape="Normal", cframe=CFrame.new(-69.56156921386719,418.3858947753906,501.84759521484375,0,0,1,0,1,-0,-1,0,0)},
 [130] = {shape="Normal", cframe=CFrame.new(-69.15011596679688,434.8380432128906,502.2588195800781,0,0,1,0,1,-0,-1,0,0)},
 [131] = {shape="Normal", cframe=CFrame.new(-138.6122283935547,654.0772094726562,589.7211303710938,0,0,1,0,1,-0,-1,0,0)},
 [132] = {shape="Normal", cframe=CFrame.new(-66.6823959350586,461.9839782714844,504.3178405761719,0,0,1,0,1,-0,-1,0,0)},
 [133] = {shape="Normal", cframe=CFrame.new(-778,675.1588134765625,917,1,0,0,0,1,0,0,0,1)},
 [134] = {shape="Ball", cframe=CFrame.new(-824,236.7578887939453,939,1,0,0,0,1,0,0,0,1)},
 [135] = {shape="Normal", cframe=CFrame.new(-788,726.1588134765625,917,1,0,0,0,1,0,0,0,1)},
 [136] = {shape="Ball", cframe=CFrame.new(-138.45745849609375,660.977783203125,577.3634033203125,0.0032930374145507812,0.0019520351197570562,0.9999927878379822,0.0007292498485185206,0.9999977946281433,-0.0019544465467333794,-0.9999944567680359,0.0007356807473115623,0.003291606903076172)},
 [137] = {shape="Normal", cframe=CFrame.new(-81,498.41619873046875,945.5,1,0,0,0,0,-1,0,1,0)},
 [138] = {shape="Normal", cframe=CFrame.new(-138.48983764648438,644.1144409179688,577.3512573242188,-0.003293275833129883,0.0019520351197570562,-0.9999927878379822,-0.0007292498485185206,0.9999977946281433,0.0019544465467333794,0.9999944567680359,0.0007356807473115623,-0.0032918453216552734)},
 [139] = {shape="Normal", cframe=CFrame.new(-66.6823959350586,484.1944885253906,651.9683227539062,0,0,1,0,1,-0,-1,0,0)},
 [140] = {shape="Normal", cframe=CFrame.new(-69.15011596679688,434.8380432128906,652.791259765625,0,0,1,0,1,-0,-1,0,0)},
 [141] = {shape="Normal", cframe=CFrame.new(-86.01334381103516,465.27459716796875,504.3140869140625,0,0,1,0,1,-0,-1,0,0)},
 [142] = {shape="Normal", cframe=CFrame.new(-66.27106475830078,512.9862670898438,503.4917907714844,1,0,0,0,1,0,0,0,1)},
 [143] = {shape="Normal", cframe=CFrame.new(-66.6823959350586,461.9839782714844,651.5591430664062,0,0,1,0,1,-0,-1,0,0)},
 [144] = {shape="Normal", cframe=CFrame.new(-69.56156921386719,418.3858947753906,652.3800048828125,0,0,1,0,1,-0,-1,0,0)},
 [145] = {shape="Normal", cframe=CFrame.new(-66.6823959350586,484.1944885253906,503.90313720703125,0,0,1,0,1,-0,-1,0,0)},
 [146] = {shape="Normal", cframe=CFrame.new(-66.27106475830078,512.9862670898438,652.379638671875,1,0,0,0,1,0,0,0,1)},
 [147] = {shape="Normal", cframe=CFrame.new(-86.01334381103516,465.27459716796875,652.3812866210938,0,0,1,0,1,-0,-1,0,0)},
 [148] = {shape="Normal", cframe=CFrame.new(670,498.4160461425781,546.5000610351562,0,-1,0,0,0,-1,1,0,0)},
 }

local pending = 0
for id, def in pairs(partDefs) do
 pending = pending + 1
 task.spawn(function()
 local success, part = pcall(function()
 return endpoint:InvokeServer("CreatePart", def.shape, def.cframe, workspace)
 end)
 if success and part then
 P[id] = part
 syncAnchor(endpoint, part, true)
 end
 pending = pending - 1
 end)
end
while pending > 0 do
 task.wait()
end

local resizeBatch = {}
if P[1] then resizeBatch[#resizeBatch+1] = {Part = P[1], CFrame = P[1].CFrame, Size = Vector3.new(2.4000000953674316,1.7999999523162842,2.4000000953674316)} end
if P[2] then resizeBatch[#resizeBatch+1] = {Part = P[2], CFrame = P[2].CFrame, Size = Vector3.new(1,1,1)} end
if P[3] then resizeBatch[#resizeBatch+1] = {Part = P[3], CFrame = P[3].CFrame, Size = Vector3.new(1,1,1)} end
if P[4] then resizeBatch[#resizeBatch+1] = {Part = P[4], CFrame = P[4].CFrame, Size = Vector3.new(1,2,1)} end
if P[5] then resizeBatch[#resizeBatch+1] = {Part = P[5], CFrame = P[5].CFrame, Size = Vector3.new(2,2,1)} end
if P[6] then resizeBatch[#resizeBatch+1] = {Part = P[6], CFrame = P[6].CFrame, Size = Vector3.new(1,2,1)} end
if P[7] then resizeBatch[#resizeBatch+1] = {Part = P[7], CFrame = P[7].CFrame, Size = Vector3.new(2,1,1)} end
if P[8] then resizeBatch[#resizeBatch+1] = {Part = P[8], CFrame = P[8].CFrame, Size = Vector3.new(1,2,1)} end
if P[9] then resizeBatch[#resizeBatch+1] = {Part = P[9], CFrame = P[9].CFrame, Size = Vector3.new(1,2,1)} end
if P[10] then resizeBatch[#resizeBatch+1] = {Part = P[10], CFrame = P[10].CFrame, Size = Vector3.new(2,2,1)} end
if P[11] then resizeBatch[#resizeBatch+1] = {Part = P[11], CFrame = P[11].CFrame, Size = Vector3.new(1,1,1)} end
if P[12] then resizeBatch[#resizeBatch+1] = {Part = P[12], CFrame = P[12].CFrame, Size = Vector3.new(2,1,1)} end
if P[13] then resizeBatch[#resizeBatch+1] = {Part = P[13], CFrame = P[13].CFrame, Size = Vector3.new(2,2,1)} end
if P[14] then resizeBatch[#resizeBatch+1] = {Part = P[14], CFrame = P[14].CFrame, Size = Vector3.new(1,2,1)} end
if P[15] then resizeBatch[#resizeBatch+1] = {Part = P[15], CFrame = P[15].CFrame, Size = Vector3.new(1,2,1)} end
if P[16] then resizeBatch[#resizeBatch+1] = {Part = P[16], CFrame = P[16].CFrame, Size = Vector3.new(1,2,1)} end
if P[17] then resizeBatch[#resizeBatch+1] = {Part = P[17], CFrame = P[17].CFrame, Size = Vector3.new(2,2,1)} end
if P[18] then resizeBatch[#resizeBatch+1] = {Part = P[18], CFrame = P[18].CFrame, Size = Vector3.new(0.8225171566009521,1.128568410873413,0.19291865825653076)} end
if P[19] then resizeBatch[#resizeBatch+1] = {Part = P[19], CFrame = P[19].CFrame, Size = Vector3.new(1,2,1)} end
if P[20] then resizeBatch[#resizeBatch+1] = {Part = P[20], CFrame = P[20].CFrame, Size = Vector3.new(2.305596351623535,1.549562692642212,2.3259034156799316)} end
if P[21] then resizeBatch[#resizeBatch+1] = {Part = P[21], CFrame = P[21].CFrame, Size = Vector3.new(2.0789313316345215,1.844165563583374,1.9842779636383057)} end
if P[22] then resizeBatch[#resizeBatch+1] = {Part = P[22], CFrame = P[22].CFrame, Size = Vector3.new(1.9888670444488525,1.8566679954528809,1.9236741065979004)} end
if P[23] then resizeBatch[#resizeBatch+1] = {Part = P[23], CFrame = P[23].CFrame, Size = Vector3.new(1,1.1930999755859375,1)} end
if P[24] then resizeBatch[#resizeBatch+1] = {Part = P[24], CFrame = P[24].CFrame, Size = Vector3.new(2,2,1)} end
if P[25] then resizeBatch[#resizeBatch+1] = {Part = P[25], CFrame = P[25].CFrame, Size = Vector3.new(1,0.30010032653808594,1)} end
if P[26] then resizeBatch[#resizeBatch+1] = {Part = P[26], CFrame = P[26].CFrame, Size = Vector3.new(2,1.6000003814697266,1)} end
if P[27] then resizeBatch[#resizeBatch+1] = {Part = P[27], CFrame = P[27].CFrame, Size = Vector3.new(2,0.4001007080078125,1)} end
if P[28] then resizeBatch[#resizeBatch+1] = {Part = P[28], CFrame = P[28].CFrame, Size = Vector3.new(1,1.1686992645263672,1)} end
if P[29] then resizeBatch[#resizeBatch+1] = {Part = P[29], CFrame = P[29].CFrame, Size = Vector3.new(1,1.1686992645263672,1)} end
if P[30] then resizeBatch[#resizeBatch+1] = {Part = P[30], CFrame = P[30].CFrame, Size = Vector3.new(1,1.2166004180908203,0.9998989105224609)} end
if P[31] then resizeBatch[#resizeBatch+1] = {Part = P[31], CFrame = P[31].CFrame, Size = Vector3.new(1,1.2166004180908203,0.9998989105224609)} end
if P[32] then resizeBatch[#resizeBatch+1] = {Part = P[32], CFrame = P[32].CFrame, Size = Vector3.new(1,0.30010032653808594,1)} end
if P[33] then resizeBatch[#resizeBatch+1] = {Part = P[33], CFrame = P[33].CFrame, Size = Vector3.new(1,0.2999992370605469,1)} end
if P[34] then resizeBatch[#resizeBatch+1] = {Part = P[34], CFrame = P[34].CFrame, Size = Vector3.new(1,0.2999992370605469,1)} end
if P[35] then resizeBatch[#resizeBatch+1] = {Part = P[35], CFrame = P[35].CFrame, Size = Vector3.new(1,1.0518989562988281,1)} end
if P[36] then resizeBatch[#resizeBatch+1] = {Part = P[36], CFrame = P[36].CFrame, Size = Vector3.new(1.197849988937378,1.2000004053115845,1.197849988937378)} end
if P[37] then resizeBatch[#resizeBatch+1] = {Part = P[37], CFrame = P[37].CFrame, Size = Vector3.new(1,1.0518989562988281,1)} end
if P[38] then resizeBatch[#resizeBatch+1] = {Part = P[38], CFrame = P[38].CFrame, Size = Vector3.new(1,1.1930999755859375,1)} end
if P[39] then resizeBatch[#resizeBatch+1] = {Part = P[39], CFrame = P[39].CFrame, Size = Vector3.new(11.20943832397461,18.05526351928711,2)} end
