--this script made by nyxes no ai slops, If you see this, then you are a n###a.
local ReplicatedStorage = game:GetService("ReplicatedStorage")
local RequestCommand = ReplicatedStorage:WaitForChild("HDAdminHDClient").Signals.RequestCommandSilent

RequestCommand:InvokeServer(";btools me")
task.wait(1.2)
RequestCommand:InvokeServer(";punish all")
task.wait(0.2)

local player = game.Players.LocalPlayer
local backpack = player.Backpack
local character = player.Character

local function getF3X()
 for _, v in ipairs(backpack:GetChildren()) do
 if v:FindFirstChild("SyncAPI") then return v end
 end
 for _, v in ipairs(character:GetChildren()) do
 if v:FindFirstChild("SyncAPI") then return v end
 end
 return nil
end

local f3x = getF3X()
if not f3x then
 warn("F3X not found")
 return
end

local syncapi = f3x.SyncAPI
local endpoint = syncapi.ServerEndpoint

for _, v in ipairs(workspace:GetDescendants()) do
 if v:IsA("BasePart") and not v:IsA("Terrain") then
 task.spawn(function()
 pcall(function()
 endpoint:InvokeServer("Remove", {v})
 end)
 end)
 end
end
task.wait(1)

local function syncAnchor(ep, part, anchored)
 ep:InvokeServer("SyncAnchor", {{Part = part, Anchored = anchored}})
end

local function batchResize(ep, tbl) if #tbl>0 then ep:InvokeServer("SyncResize", tbl) end end
local function batchMaterial(ep, tbl) if #tbl>0 then ep:InvokeServer("SyncMaterial", tbl) end end
local function batchColor(ep, tbl) if #tbl>0 then ep:InvokeServer("SyncColor", tbl) end end
local function batchCollision(ep, tbl) if #tbl>0 then ep:InvokeServer("SyncCollision", tbl) end end

local function createMesh(ep, part) ep:InvokeServer("CreateMeshes", {{Part = part}}) end
local function syncMeshType(ep, part, t) ep:InvokeServer("SyncMesh", {{Part = part, MeshType = t}}) end
local function syncMeshScale(ep, part, s) ep:InvokeServer("SyncMesh", {{Part = part, Scale = s}}) end
local function syncMeshOffset(ep, part, o) ep:InvokeServer("SyncMesh", {{Part = part, Offset = o}}) end
local function syncMeshId(ep, part, id) ep:InvokeServer("SyncMesh", {{Part = part, MeshId = id}}) end
local function syncMeshTexture(ep, part, tex) ep:InvokeServer("SyncMesh", {{Part = part, TextureId = tex}}) end
local function syncMeshVertexColor(ep, part, col) ep:InvokeServer("SyncMesh", {{Part = part, VertexColor = col}}) end

local function createDecal(ep, part, face) ep:InvokeServer("CreateTextures", {{Part = part, Face = face, TextureType = "Decal"}}) end
local function setDecalTexture(ep, part, tex, face) ep:InvokeServer("SyncTexture", {{Part = part, Face = face, TextureType = "Decal", Texture = tex}}) end
local function setDecalTransparency(ep, part, trans, face) ep:InvokeServer("SyncTexture", {{Part = part, Face = face, TextureType = "Decal", Transparency = trans}}) end

local function createTexture(ep, part, face) ep:InvokeServer("CreateTextures", {{Part = part, Face = face, TextureType = "Texture"}}) end
local function setTextureId(ep, part, tex, face) ep:InvokeServer("SyncTexture", {{Part = part, Face = face, TextureType = "Texture", Texture = tex}}) end
local function setTextureTransparency(ep, part, trans, face) ep:InvokeServer("SyncTexture", {{Part = part, Face = face, TextureType = "Texture", Transparency = trans}}) end

local function createLight(ep, part, lightType)
 ep:InvokeServer("CreateLights", {{Part = part, LightType = lightType}})
end
local function syncLight(ep, part, lightType, brightness, range, color, shadows, face, angle)
 local params = {Part = part, LightType = lightType}
 if brightness ~= nil then params.Brightness = brightness end
 if range ~= nil then params.Range = range end
 if color then params.Color = color end
 if shadows ~= nil then params.Shadows = shadows end
 if face and face ~= "nil" then params.Face = face end
 if angle ~= nil then params.Angle = angle end
 ep:InvokeServer("SyncLighting", {params})
end

local function createGroup(ep, groupType, parent, items) return ep:InvokeServer("CreateGroup", groupType, parent, items) end
local function setName(ep, obj, name) ep:InvokeServer("SetName", {obj}, name) end
local function setLocked(ep, part, lock) ep:InvokeServer("SetLocked", {part}, lock) end

local spawnMeta = {}
spawnMeta[37] = {teamColor = BrickColor.new("Medium stone grey"), neutral = true, duration = 10, allowTeamChangeOnTouch = false}

local seatMeta = {}
seatMeta[87] = {disabled = false}
seatMeta[154] = {disabled = false}
seatMeta[175] = {disabled = false}
seatMeta[196] = {disabled = false}
seatMeta[200] = {disabled = false}
seatMeta[233] = {disabled = false}
seatMeta[241] = {disabled = false}
seatMeta[243] = {disabled = false}
seatMeta[248] = {disabled = false}
seatMeta[249] = {disabled = false}
seatMeta[252] = {disabled = false}
seatMeta[260] = {disabled = false}
seatMeta[264] = {disabled = false}
seatMeta[268] = {disabled = false}
seatMeta[288] = {disabled = false}
seatMeta[293] = {disabled = false}
seatMeta[311] = {disabled = false}
seatMeta[315] = {disabled = false}
seatMeta[321] = {disabled = false}
seatMeta[343] = {disabled = false}
seatMeta[345] = {disabled = false}
seatMeta[349] = {disabled = false}
seatMeta[351] = {disabled = false}
seatMeta[352] = {disabled = false}
seatMeta[356] = {disabled = false}

local P = {}

local partData = {
 [1] = {anchored = true},
 [2] = {anchored = true},
 [3] = {anchored = true},
 [4] = {anchored = true},
 [5] = {anchored = true},
 [6] = {anchored = true},
 [7] = {anchored = true},
 [8] = {anchored = true},
 [9] = {anchored = true},
 [10] = {anchored = true},
 [11] = {anchored = true},
 [12] = {anchored = true},
 [13] = {anchored = true},
 [14] = {anchored = true},
 [15] = {anchored = true},
 [16] = {anchored = true},
 [17] = {anchored = true},
 [18] = {anchored = true},
 [19] = {anchored = true},
 [20] = {anchored = true},
 [21] = {anchored = true},
 [22] = {anchored = true},
 [23] = {anchored = true},
 [24] = {anchored = true},
 [25] = {anchored = true},
 [26] = {anchored = true},
 [27] = {anchored = true},
 [28] = {anchored = true},
 [29] = {anchored = true},
 [30] = {anchored = true},
 [31] = {anchored = true},
 [32] = {anchored = true},
 [33] = {anchored = true},
 [34] = {anchored = true},
 [35] = {anchored = true},
 [36] = {anchored = true},
 [37] = {anchored = true},
 [38] = {anchored = true},
 [39] = {anchored = true},
 [40] = {anchored = true},
 [41] = {anchored = true},
 [42] = {anchored = true},
 [43] = {anchored = true},
 [44] = {anchored = true},
 [45] = {anchored = true},
 [46] = {anchored = true},
 [47] = {anchored = true},
 [48] = {anchored = true},
 [49] = {anchored = true},
 [50] = {anchored = true},
 [51] = {anchored = true},
 [52] = {anchored = true},
 [53] = {anchored = true},
 [54] = {anchored = true},
 [55] = {anchored = true},
 [56] = {anchored = true},
 [57] = {anchored = true},
 [58] = {anchored = true},
 [59] = {anchored = true},
 [60] = {anchored = true},
 [61] = {anchored = true},
 [62] = {anchored = true},
 [63] = {anchored = true},
 [64] = {anchored = true},
 [65] = {anchored = true},
 [66] = {anchored = true},
 [67] = {anchored = true},
 [68] = {anchored = true},
 [69] = {anchored = true},
 [70] = {anchored = true},
 [71] = {anchored = true},
 [72] = {anchored = true},
 [73] = {anchored = true},
 [74] = {anchored = true},
 [75] = {anchored = true},
 [76] = {anchored = true},
 [77] = {anchored = true},
 [78] = {anchored = true},
 [79] = {anchored = true},
 [80] = {anchored = true},
 [81] = {anchored = true},
 [82] = {anchored = true},
 [83] = {anchored = true},
 [84] = {anchored = true},
 [85] = {anchored = true},
 [86] = {anchored = true},
 [87] = {anchored = true},
 [88] = {anchored = true},
 [89] = {anchored = true},
 [90] = {anchored = true},
 [91] = {anchored = true},
 [92] = {anchored = true},
 [93] = {anchored = true},
 [94] = {anchored = true},
 [95] = {anchored = true},
 [96] = {anchored = true},
 [97] = {anchored = true},
 [98] = {anchored = true},
 [99] = {anchored = true},
 [100] = {anchored = true},
 [101] = {anchored = true},
 [102] = {anchored = true},
 [103] = {anchored = true},
 [104] = {anchored = true},
 [105] = {anchored = true},
 [106] = {anchored = true},
 [107] = {anchored = true},
 [108] = {anchored = true},
 [109] = {anchored = true},
 [110] = {anchored = true},
 [111] = {anchored = true},
 [112] = {anchored = true},
 [113] = {anchored = true},
 [114] = {anchored = true},
 [115] = {anchored = true},
 [116] = {anchored = true},
 [117] = {anchored = true},
 [118] = {anchored = true},
 [119] = {anchored = true},
 [120] = {anchored = true},
 [121] = {anchored = true},
 [122] = {anchored = true},
 [123] = {anchored = true},
 [124] = {anchored = true},
 [125] = {anchored = true},
 [126] = {anchored = true},
 [127] = {anchored = true},
 [128] = {anchored = true},
 [129] = {anchored = true},
 [130] = {anchored = true},
 [131] = {anchored = true},
 [132] = {anchored = true},
 [133] = {anchored = true},
 [134] = {anchored = true},
 [135] = {anchored = true},
 [136] = {anchored = true},
 [137] = {anchored = true},
 [138] = {anchored = true},
 [139] = {anchored = true},
 [140] = {anchored = true},
 [141] = {anchored = true},
 [142] = {anchored = true},
 [143] = {anchored = true},
 [144] = {anchored = true},
 [145] = {anchored = true},
 [146] = {anchored = true},
 [147] = {anchored = true},
 [148] = {anchored = true},
 [149] = {anchored = true},
 [150] = {anchored = true},
 [151] = {anchored = true},
 [152] = {anchored = true},
 [153] = {anchored = true},
 [154] = {anchored = true},
 [155] = {anchored = true},
 [156] = {anchored = true},
 [157] = {anchored = true},
 [158] = {anchored = true},
 [159] = {anchored = true},
 [160] = {anchored = true},
 [161] = {anchored = true},
 [162] = {anchored = true},
 [163] = {anchored = true},
 [164] = {anchored = true},
 [165] = {anchored = true},
 [166] = {anchored = true},
 [167] = {anchored = true},
 [168] = {anchored = true},
 [169] = {anchored = true},
 [170] = {anchored = true},
 [171] = {anchored = true},
 [172] = {anchored = true},
 [173] = {anchored = true},
 [174] = {anchored = true},
 [175] = {anchored = true},
 [176] = {anchored = true},
 [177] = {anchored = true},
 [178] = {anchored = true},
 [179] = {anchored = true},
 [180] = {anchored = true},
 [181] = {anchored = true},
 [182] = {anchored = true},
 [183] = {anchored = true},
 [184] = {anchored = true},
 [185] = {anchored = true},
 [186] = {anchored = true},
 [187] = {anchored = true},
 [188] = {anchored = true},
 [189] = {anchored = true},
 [190] = {anchored = true},
 [191] = {anchored = true},
 [192] = {anchored = true},
 [193] = {anchored = true},
 [194] = {anchored = true},
 [195] = {anchored = true},
 [196] = {anchored = true},
 [197] = {anchored = true},
 [198] = {anchored = true},
 [199] = {anchored = true},
 [200] = {anchored = true},
 [201] = {anchored = true},
 [202] = {anchored = true},
 [203] = {anchored = true},
 [204] = {anchored = true},
 [205] = {anchored = true},
 [206] = {anchored = true},
 [207] = {anchored = true},
 [208] = {anchored = true},
 [209] = {anchored = true},
 [210] = {anchored = true},
 [211] = {anchored = true},
 [212] = {anchored = true},
 [213] = {anchored = true},
 [214] = {anchored = true},
 [215] = {anchored = true},
 [216] = {anchored = true},
 [217] = {anchored = true},
 [218] = {anchored = true},
 [219] = {anchored = true},
 [220] = {anchored = true},
 [221] = {anchored = true},
 [222] = {anchored = true},
 [223] = {anchored = true},
 [224] = {anchored = true},
 [225] = {anchored = true},
 [226] = {anchored = true},
 [227] = {anchored = true},
 [228] = {anchored = true},
 [229] = {anchored = true},
 [230] = {anchored = true},
 [231] = {anchored = true},
 [232] = {anchored = true},
 [233] = {anchored = true},
 [234] = {anchored = true},
 [235] = {anchored = true},
 [236] = {anchored = true},
 [237] = {anchored = true},
 [238] = {anchored = true},
 [239] = {anchored = true},
 [240] = {anchored = true},
 [241] = {anchored = true},
 [242] = {anchored = true},
 [243] = {anchored = true},
 [244] = {anchored = true},
 [245] = {anchored = true},
 [246] = {anchored = true},
 [247] = {anchored = true},
 [248] = {anchored = true},
 [249] = {anchored = true},
 [250] = {anchored = true},
 [251] = {anchored = true},
 [252] = {anchored = true},
 [253] = {anchored = true},
 [254] = {anchored = true},
 [255] = {anchored = true},
 [256] = {anchored = true},
 [257] = {anchored = true},
 [258] = {anchored = true},
 [259] = {anchored = true},
 [260] = {anchored = true},
 [261] = {anchored = true},
 [262] = {anchored = true},
 [263] = {anchored = true},
 [264] = {anchored = true},
 [265] = {anchored = true},
 [266] = {anchored = true},
 [267] = {anchored = true},
 [268] = {anchored = true},
 [269] = {anchored = true},
 [270] = {anchored = true},
 [271] = {anchored = true},
 [272] = {anchored = true},
 [273] = {anchored = true},
 [274] = {anchored = true},
 [275] = {anchored = true},
 [276] = {anchored = true},
 [277] = {anchored = true},
 [278] = {anchored = true},
 [279] = {anchored = true},
 [280] = {anchored = true},
 [281] = {anchored = true},
 [282] = {anchored = true},
 [283] = {anchored = true},
 [284] = {anchored = true},
 [285] = {anchored = true},
 [286] = {anchored = true},
 [287] = {anchored = true},
 [288] = {anchored = true},
 [289] = {anchored = true},
 [290] = {anchored = true},
 [291] = {anchored = true},
 [292] = {anchored = true},
 [293] = {anchored = true},
 [294] = {anchored = true},
 [295] = {anchored = true},
 [296] = {anchored = true},
 [297] = {anchored = true},
 [298] = {anchored = true},
 [299] = {anchored = true},
 [300] = {anchored = true},
 [301] = {anchored = true},
 [302] = {anchored = true},
 [303] = {anchored = true},
 [304] = {anchored = true},
 [305] = {anchored = true},
 [306] = {anchored = true},
 [307] = {anchored = true},
 [308] = {anchored = true},
 [309] = {anchored = true},
 [310] = {anchored = true},
 [311] = {anchored = true},
 [312] = {anchored = true},
 [313] = {anchored = true},
 [314] = {anchored = true},
 [315] = {anchored = true},
 [316] = {anchored = true},
 [317] = {anchored = true},
 [318] = {anchored = true},
 [319] = {anchored = true},
 [320] = {anchored = true},
 [321] = {anchored = true},
 [322] = {anchored = true},
 [323] = {anchored = true},
 [324] = {anchored = true},
 [325] = {anchored = true},
 [326] = {anchored = true},
 [327] = {anchored = true},
 [328] = {anchored = true},
 [329] = {anchored = true},
 [330] = {anchored = true},
 [331] = {anchored = true},
 [332] = {anchored = true},
 [333] = {anchored = true},
 [334] = {anchored = true},
 [335] = {anchored = true},
 [336] = {anchored = true},
 [337] = {anchored = true},
 [338] = {anchored = true},
 [339] = {anchored = true},
 [340] = {anchored = true},
 [341] = {anchored = true},
 [342] = {anchored = true},
 [343] = {anchored = true},
 [344] = {anchored = true},
 [345] = {anchored = true},
 [346] = {anchored = true},
 [347] = {anchored = true},
 [348] = {anchored = true},
 [349] = {anchored = true},
 [350] = {anchored = true},
 [351] = {anchored = true},
 [352] = {anchored = true},
 [353] = {anchored = true},
 [354] = {anchored = true},
 [355] = {anchored = true},
 [356] = {anchored = true},
 [357] = {anchored = true},
 [358] = {anchored = true},
 [359] = {anchored = true},
 [360] = {anchored = true},
 [361] = {anchored = true},
 [362] = {anchored = true},
 [363] = {anchored = true},
 [364] = {anchored = true},
 [365] = {anchored = true},
 [366] = {anchored = true},
 [367] = {anchored = true},
 [368] = {anchored = true},
 [369] = {anchored = true},
 [370] = {anchored = true},
 [371] = {anchored = true},
 [372] = {anchored = true},
 [373] = {anchored = true},
 [374] = {anchored = true},
 [375] = {anchored = true},
 [376] = {anchored = true},
 [377] = {anchored = true},
 [378] = {anchored = true},
 [379] = {anchored = true},
 [380] = {anchored = true},
 [381] = {anchored = true},
 [382] = {anchored = true},
 [383] = {anchored = true},
 [384] = {anchored = true},
 [385] = {anchored = true},
 [386] = {anchored = true},
 [387] = {anchored = true},
 [388] = {anchored = true},
 [389] = {anchored = true},
 [390] = {anchored = true},
 [391] = {anchored = true},
 [392] = {anchored = true},
 [393] = {anchored = true},
 [394] = {anchored = true},
 [395] = {anchored = true},
 [396] = {anchored = true},
 [397] = {anchored = true},
 [398] = {anchored = true},
 [399] = {anchored = true},
 [400] = {anchored = true},
 [401] = {anchored = true},
 [402] = {anchored = true},
 [403] = {anchored = true},
 [404] = {anchored = true},
 [405] = {anchored = true},
 [406] = {anchored = true},
 [407] = {anchored = true},
 [408] = {anchored = true},
 [409] = {anchored = true},
 [410] = {anchored = true},
 [411] = {anchored = true},
 [412] = {anchored = true},
 [413] = {anchored = true},
 [414] = {anchored = true},
 [415] = {anchored = true},
 [416] = {anchored = true},
 [417] = {anchored = true},
 [418] = {anchored = true},
 [419] = {anchored = true},
 [420] = {anchored = true},
 [421] = {anchored = true},
 [422] = {anchored = true},
 [423] = {anchored = true},
 [424] = {anchored = true},
 [425] = {anchored = true},
 [426] = {anchored = true},
 [427] = {anchored = true},
 [428] = {anchored = true},
 [429] = {anchored = true},
 [430] = {anchored = true},
 [431] = {anchored = true},
 [432] = {anchored = true},
 [433] = {anchored = true},
 [434] = {anchored = true},
 [435] = {anchored = true},
 [436] = {anchored = true},
 [437] = {anchored = true},
 [438] = {anchored = true},
 [439] = {anchored = true},
 [440] = {anchored = true},
 [441] = {anchored = true},
 [442] = {anchored = true},
 [443] = {anchored = true},
 [444] = {anchored = true},
 [445] = {anchored = true},
 [446] = {anchored = true},
 [447] = {anchored = true},
 [448] = {anchored = true},
 [449] = {anchored = true},
 [450] = {anchored = true},
 [451] = {anchored = true},
 [452] = {anchored = true},
 [453] = {anchored = true},
 [454] = {anchored = true},
 [455] = {anchored = true},
 [456] = {anchored = true},
 [457] = {anchored = true},
 [458] = {anchored = true},
 [459] = {anchored = true},
 [460] = {anchored = true},
 [461] = {anchored = true},
 [462] = {anchored = true},
 [463] = {anchored = true},
 [464] = {anchored = true},
 [465] = {anchored = true},
 [466] = {anchored = true},
 [467] = {anchored = true},
 [468] = {anchored = true},
 [469] = {anchored = true},
 [470] = {anchored = true},
 [471] = {anchored = true},
 [472] = {anchored = true},
 [473] = {anchored = true},
 [474] = {anchored = true},
 [475] = {anchored = true},
 [476] = {anchored = true},
 [477] = {anchored = true},
 [478] = {anchored = true},
 [479] = {anchored = true},
 [480] = {anchored = true},
 [481] = {anchored = true},
 [482] = {anchored = true},
 [483] = {anchored = true},
 [484] = {anchored = true},
 [485] = {anchored = true},
 [486] = {anchored = true},
 [487] = {anchored = true},
 [488] = {anchored = true},
 [489] = {anchored = true},
 [490] = {anchored = true},
 [491] = {anchored = true},
 [492] = {anchored = true},
 [493] = {anchored = true},
 [494] = {anchored = true},
 [495] = {anchored = true},
 [496] = {anchored = true},
 [497] = {anchored = true},
 [498] = {anchored = true},
 [499] = {anchored = true},
 [500] = {anchored = true},
 [501] = {anchored = true},
 [502] = {anchored = true},
 [503] = {anchored = true},
 [504] = {anchored = true},
 [505] = {anchored = true},
 [506] = {anchored = true},
 [507] = {anchored = true},
 [508] = {anchored = true},
 [509] = {anchored = true},
 [510] = {anchored = true},
 [511] = {anchored = true},
 [512] = {anchored = true},
 [513] = {anchored = true},
 [514] = {anchored = true},
 [515] = {anchored = true},
 [516] = {anchored = true},
 [517] = {anchored = true},
 [518] = {anchored = true},
 [519] = {anchored = true},
 [520] = {anchored = true},
 [521] = {anchored = true},
 [522] = {anchored = true},
 [523] = {anchored = true},
 [524] = {anchored = true},
 [525] = {anchored = true},
 [526] = {anchored = true},
 [527] = {anchored = true},
}

local partDefs = {

 [1] = {shape="Normal", cframe=CFrame.new(-57.58234405517578,2127.14599609375,-8.365303039550781,-0.48928511142730713,0,-0.8721238970756531,0,1,0,0.8721238970756531,0,-0.48928511142730713)},
 [2] = {shape="Normal", cframe=CFrame.new(-57.60093307495117,2126.002685546875,-8.385547637939453,-0.48928511142730713,0,-0.8721238970756531,0,1,0,0.8721238970756531,0,-0.48928511142730713)},
 [3] = {shape="Normal", cframe=CFrame.new(-57.63220977783203,2125.763671875,-8.39320182800293,-0.48928511142730713,0,-0.8721238970756531,0,1,0,0.8721238970756531,0,-0.48928511142730713)},
 [4] = {shape="Normal", cframe=CFrame.new(-57.58234405517578,2125.559814453125,-8.365303039550781,-0.48928511142730713,0,-0.8721238970756531,0,1,0,0.8721238970756531,0,-0.48928511142730713)},
 [5] = {shape="Normal", cframe=CFrame.new(-55.66422653198242,2124.371826171875,-7.93668270111084,0.8496739864349365,-0,-0.5273083448410034,0,1,-0,0.5273083448410034,0,0.8496739864349365)},
 [6] = {shape="Normal", cframe=CFrame.new(-55.14949035644531,2124.491943359375,-7.8776140213012695,-0.5272684097290039,0.8496988415718079,0.000031113624572753906,-0.000031113624572753906,-0.000055909156799316406,1,0.8496988415718079,0.5272684097290039,0.000055909156799316406)},
 [7] = {shape="Normal", cframe=CFrame.new(-57.58234405517578,2123.6064453125,-8.365303039550781,-0.48928511142730713,0,-0.8721238970756531,0,1,0,0.8721238970756531,0,-0.48928511142730713)},
 [8] = {shape="Normal", cframe=CFrame.new(-57.90088653564453,2121.002197265625,-7.79744815826416,-0.48928511142730713,0,-0.8721238970756531,0,1,0,0.8721238970756531,0,-0.48928511142730713)},
 [9] = {shape="Normal", cframe=CFrame.new(-58.53798294067383,2123.6064453125,-6.661737442016602,-0.48928511142730713,0,-0.8721238970756531,0,1,0,0.8721238970756531,0,-0.48928511142730713)},
 [10] = {shape="Normal", cframe=CFrame.new(-57.263797760009766,2121.002197265625,-8.933157920837402,-0.48928511142730713,0,-0.8721238970756531,0,1,0,0.8721238970756531,0,-0.48928511142730713)},
 [11] = {shape="Normal", cframe=CFrame.new(-57.58234405517578,2123.6064453125,-8.365303039550781,-0.48928511142730713,0,-0.8721238970756531,0,1,0,0.8721238970756531,0,-0.48928511142730713)},
 [12] = {shape="Normal", cframe=CFrame.new(-56.709903717041016,2123.80859375,-8.872467994689941,-0.7669258117675781,-0.5908774137496948,-0.2503772974014282,0.3065071702003479,0.005506992340087891,-0.9518524408340454,0.5638068914413452,-0.8067425489425659,0.17688465118408203)},
 [13] = {shape="Normal", cframe=CFrame.new(-4.1712188720703125,2124.449951171875,7.9985809326171875,0,0,-1,0,1,0,1,0,0)},
 [14] = {shape="Normal", cframe=CFrame.new(-4.4212188720703125,2123.89990234375,7.9985809326171875,0,0,-1,0,1,0,1,0,0)},
 [15] = {shape="Normal", cframe=CFrame.new(-4.4212188720703125,2122.699951171875,7.9985809326171875,0,0,-1,0,1,0,1,0,0)},
 [16] = {shape="Normal", cframe=CFrame.new(-2.8397674560546875,2123.2998046875,8.86404037475586,0.9961918592453003,0,0.08718843013048172,0,1,0,-0.08718843013048172,0,0.9961918592453003)},
 [17] = {shape="Normal", cframe=CFrame.new(-2.3925247192382812,2123.419921875,8.602787017822266,0.08718782663345337,0.9961918592453003,5.662441253662109e-07,5.662441253662109e-07,-5.960464477539062e-07,1,0.9961918592453003,-0.08718785643577576,-5.960464477539062e-07)},
 [18] = {shape="Normal", cframe=CFrame.new(-4.4212188720703125,2122.699951171875,7.9985809326171875,0,0,-1,0,1,0,1,0,0)},
 [19] = {shape="Normal", cframe=CFrame.new(-3.5239715576171875,2123.10009765625,7.7071380615234375,-0.6427625417709351,-0.766065776348114,-0.0000037550926208496094,-0.0000037550926208496094,0.000007987022399902344,-1.0000001192092896,0.766065776348114,-0.6427624225616455,-0.000008225440979003906)},
 [20] = {shape="Normal", cframe=CFrame.new(-4.4212188720703125,2120.699951171875,7.4985809326171875,0,0,-1,0,1,0,1,0,0)},
 [21] = {shape="Normal", cframe=CFrame.new(-3.8185348510742188,2123.10009765625,9.150436401367188,0.08718782663345337,-0.9961918592453003,-5.662441253662109e-07,5.662441253662109e-07,5.960464477539062e-07,-1,0.9961918592453003,0.08718785643577576,5.960464477539062e-07)},
 [22] = {shape="Normal", cframe=CFrame.new(-4.4212188720703125,2124.199951171875,7.9985809326171875,0,0,-1,0,1,0,1,0,0)},
 [23] = {shape="Normal", cframe=CFrame.new(-4.4212188720703125,2120.699951171875,8.498580932617188,0,0,-1,0,1,0,1,0,0)},
 [24] = {shape="Normal", cframe=CFrame.new(-2.18060302734375,2124.449951171875,-27.960830688476562,0,0,-1,0,1,0,1,0,0)},
 [25] = {shape="Normal", cframe=CFrame.new(-2.43060302734375,2123.89990234375,-27.960830688476562,0,0,-1,0,1,0,1,0,0)},
 [26] = {shape="Normal", cframe=CFrame.new(-0.849151611328125,2123.2998046875,-27.09537124633789,0.9961918592453003,0,0.08718843013048172,0,1,0,-0.08718843013048172,0,0.9961918592453003)},
 [27] = {shape="Normal", cframe=CFrame.new(-0.40190887451171875,2123.419921875,-27.356624603271484,0.08718782663345337,0.9961918592453003,5.662441253662109e-07,5.662441253662109e-07,-5.960464477539062e-07,1,0.9961918592453003,-0.08718785643577576,-5.960464477539062e-07)},
 [28] = {shape="Normal", cframe=CFrame.new(-2.43060302734375,2122.699951171875,-27.960830688476562,0,0,-1,0,1,0,1,0,0)},
 [29] = {shape="Normal", cframe=CFrame.new(-2.43060302734375,2124.199951171875,-27.960830688476562,0,0,-1,0,1,0,1,0,0)},
 [30] = {shape="Normal", cframe=CFrame.new(-2.43060302734375,2120.699951171875,-27.460830688476562,0,0,-1,0,1,0,1,0,0)},
 [31] = {shape="Normal", cframe=CFrame.new(-1.8279190063476562,2123.10009765625,-26.808975219726562,0.08718782663345337,-0.9961918592453003,-5.662441253662109e-07,5.662441253662109e-07,5.960464477539062e-07,-1,0.9961918592453003,0.08718785643577576,5.960464477539062e-07)},
 [32] = {shape="Normal", cframe=CFrame.new(-2.43060302734375,2120.699951171875,-28.460830688476562,0,0,-1,0,1,0,1,0,0)},
 [33] = {shape="Normal", cframe=CFrame.new(-1.5333480834960938,2123.10009765625,-28.252273559570312,-0.6427625417709351,-0.766065776348114,-0.0000037550926208496094,-0.0000037550926208496094,0.000007987022399902344,-1.0000001192092896,0.766065776348114,-0.6427624225616455,-0.000008225440979003906)},
 [34] = {shape="Normal", cframe=CFrame.new(-2.43060302734375,2122.699951171875,-27.960830688476562,0,0,-1,0,1,0,1,0,0)},
 [35] = {shape="Normal", cframe=CFrame.new(-73.65253448486328,2123.300048828125,7.8178863525390625,0.0032935142517089844,-0,-0.9999945759773254,0,1,-0,0.9999945759773254,0,0.0032935142517089844)},
 [36] = {shape="Normal", cframe=CFrame.new(-46.37036895751953,2119.199951171875,12.851364135742188,0,0,-1,0,1,0,1,0,0)},
 [37] = {shape="Spawn", cframe=CFrame.new(17.245025634765625,2119.199951171875,-3.6839447021484375,0,0,-1,0,1,0,1,0,0)},
 [38] = {shape="Normal", cframe=CFrame.new(1.0317001342773438,2122.449951171875,-42.30615234375,0,0,-1,0,1,0,1,0,0)},
 [39] = {shape="Normal", cframe=CFrame.new(95.86128997802734,2108.699951171875,-2.4352569580078125,1,0,0,0,1,0,0,0,1)},
 [40] = {shape="Normal", cframe=CFrame.new(-25.5889892578125,2147.8955078125,-27.958572387695312,0.9999880790710449,-0.004883095622062683,-1.4668330550193787e-08,-1.4668330550193787e-08,-0.0000059604644775390625,0.9999999403953552,-0.004883095622062683,-0.9999880194664001,-0.0000059604644775390625)},
 [41] = {shape="Normal", cframe=CFrame.new(-53.03919219970703,2123.802490234375,-10.495651245117188,-0.4958075284957886,0,-0.8684327602386475,0,1,0,0.8684327602386475,0,-0.4958075284957886)},
 [42] = {shape="Normal", cframe=CFrame.new(-57.977638244628906,2120.85009765625,-1.7792816162109375,0.49580711126327515,0,0.8684327602386475,0,1,0,-0.8684327602386475,0,0.49580711126327515)},
 [43] = {shape="Normal", cframe=CFrame.new(-14.7928466796875,2124.10009765625,-8.290451049804688,-0.004877209663391113,0,0.9999881386756897,0,1,0,-0.9999881386756897,0,-0.004877209663391113)},
 [44] = {shape="Normal", cframe=CFrame.new(-14.118804931640625,2147.8955078125,-8.539535522460938,0.004919648170471191,0.9999878406524658,-6.854534149169922e-07,-6.854534149169922e-07,7.152557373046875e-07,1,0.9999878406524658,-0.004919648170471191,7.152557373046875e-07)},
 [45] = {shape="Normal", cframe=CFrame.new(-55.779212951660156,2129.800048828125,-25.865432739257812,0.004877209663391113,-0,-0.9999881386756897,0,1,-0,0.9999881386756897,0,0.004877209663391113)},
 [46] = {shape="Normal", cframe=CFrame.new(-9.905059814453125,2122.39990234375,-14.872390747070312,-0.9646561145782471,0,-0.2635120749473572,0,1,0,0.2635120749473572,0,-0.9646561145782471)},
 [47] = {shape="Normal", cframe=CFrame.new(-47.620826721191406,2119.75,16.795364379882812,-0.004877209663391113,0,0.9999881386756897,0,1,0,-0.9999881386756897,0,-0.004877209663391113)},
 [48] = {shape="Normal", cframe=CFrame.new(-16.392730712890625,2121.25,-32.33332824707031,0.004877209663391113,-0,-0.9999881386756897,0,1,-0,0.9999881386756897,0,0.004877209663391113)},
 [49] = {shape="Normal", cframe=CFrame.new(-14.517852783203125,2123.25,-8.291793823242188,-0.004877209663391113,0,0.9999881386756897,0,1,0,-0.9999881386756897,0,-0.004877209663391113)},
 [50] = {shape="Normal", cframe=CFrame.new(-45.471961975097656,2121.175048828125,-23.686111450195312,0.49580711126327515,0,0.8684327602386475,0,1,0,-0.8684327602386475,0,0.49580711126327515)},
 [51] = {shape="Normal", cframe=CFrame.new(-14.71771240234375,2126.64990234375,-3.1405487060546875,-0.004877209663391113,0,0.9999881386756897,0,1,0,-0.9999881386756897,0,-0.004877209663391113)},
 [52] = {shape="Normal", cframe=CFrame.new(-16.38372802734375,2121,-30.483261108398438,0.004877209663391113,-0,-0.9999881386756897,0,1,-0,0.9999881386756897,0,0.004877209663391113)},
 [53] = {shape="Normal", cframe=CFrame.new(-12.1441650390625,2137.88525390625,-8.603195190429688,0.004955410957336426,0.8659813404083252,-0.5000518560409546,-0.00004166364669799805,0.500058114528656,0.8659918904304504,0.9999877214431763,-0.0042705535888671875,0.0025140047073364258)},
 [54] = {shape="Normal", cframe=CFrame.new(-48.74292755126953,2138.35009765625,-13.324539184570312,-0.004877209663391113,0,0.9999881386756897,0,1,0,-0.9999881386756897,0,-0.004877209663391113)},
 [55] = {shape="Normal", cframe=CFrame.new(-16.374664306640625,2121.25,-28.633438110351562,0.004877209663391113,-0,-0.9999881386756897,0,1,-0,0.9999881386756897,0,0.004877209663391113)},
 [56] = {shape="Normal", cframe=CFrame.new(-29.343780517578125,2147.300048828125,-8.519577026367188,-0.004877209663391113,0,0.9999881386756897,0,1,0,-0.9999881386756897,0,-0.004877209663391113)},
 [57] = {shape="Normal", cframe=CFrame.new(-14.69622802734375,2126.64990234375,1.2593841552734375,-0.004877209663391113,0,0.9999881386756897,0,1,0,-0.9999881386756897,0,-0.004877209663391113)},
 [58] = {shape="Normal", cframe=CFrame.new(-8.884002685546875,2121.2490234375,-30.520248413085938,0.004877209663391113,-0,-0.9999881386756897,0,1,-0,0.9999881386756897,0,0.004877209663391113)},
 [59] = {shape="Normal", cframe=CFrame.new(-61.100990295410156,2122.4501953125,3.6922454833984375,0.49580711126327515,0,0.8684327602386475,0,1,0,-0.8684327602386475,0,0.49580711126327515)},
 [60] = {shape="Normal", cframe=CFrame.new(-55.15186309814453,2122.97509765625,-6.7289886474609375,0.49580711126327515,0,0.8684327602386475,0,1,0,-0.8684327602386475,0,0.49580711126327515)},
 [61] = {shape="Normal", cframe=CFrame.new(-47.87549591064453,2130.300048828125,15.945571899414062,-0.9999878406524658,0,-0.004920339677482843,0,1,0,0.004920339677482843,0,-0.9999878406524658)},
 [62] = {shape="Normal", cframe=CFrame.new(-45.471961975097656,2122.574951171875,-23.685836791992188,0.49580711126327515,0,0.8684327602386475,0,1,0,-0.8684327602386475,0,0.49580711126327515)},
 [63] = {shape="Normal", cframe=CFrame.new(-14.73138427734375,2124.64990234375,-5.9405670166015625,-0.004877209663391113,0,0.9999881386756897,0,1,0,-0.9999881386756897,0,-0.004877209663391113)},
 [64] = {shape="Normal", cframe=CFrame.new(-23.88372802734375,2121.251220703125,-30.447006225585938,0.004877209663391113,-0,-0.9999881386756897,0,1,-0,0.9999881386756897,0,0.004877209663391113)},
 [65] = {shape="Normal", cframe=CFrame.new(-44.29706573486328,2139.0751953125,21.654006958007812,-0.004877209663391113,0,0.9999881386756897,0,1,0,-0.9999881386756897,0,-0.004877209663391113)},
 [66] = {shape="Normal", cframe=CFrame.new(-61.386146545410156,2123.47509765625,4.1916961669921875,0.49580711126327515,0,0.8684327602386475,0,1,0,-0.8684327602386475,0,0.49580711126327515)},
 [67] = {shape="Normal", cframe=CFrame.new(-29.86871337890625,2129.800048828125,-23.766738891601562,-0.004877209663391113,0,0.9999881386756897,0,1,0,-0.9999881386756897,0,-0.004877209663391113)},
 [68] = {shape="Normal", cframe=CFrame.new(-50.599342346191406,2138.375,16.596908569335938,-7.152557373046875e-07,-0.004919648170471191,0.9999878406524658,-1,7.152557373046875e-07,-6.854534149169922e-07,-6.854534149169922e-07,-0.9999878406524658,-0.004919648170471191)},
 [69] = {shape="Normal", cframe=CFrame.new(-25.525054931640625,2136.800048828125,-25.138809204101562,-0.004877209663391113,0,0.9999881386756897,0,1,0,-0.9999881386756897,0,-0.004877209663391113)},
 [70] = {shape="Normal", cframe=CFrame.new(-33.35083770751953,2138.275146484375,-9.849685668945312,0.9999879002571106,0,0.004920339677482843,0,1,0,-0.004920339677482843,0,0.9999879002571106)},
 [71] = {shape="Normal", cframe=CFrame.new(-33.33814239501953,2138.275146484375,-7.2496795654296875,0.9957582950592041,0,0.09200786799192429,0,1,0,-0.09200786799192429,0,0.9957582950592041)},
 [72] = {shape="Normal", cframe=CFrame.new(-60.48126983642578,2120.85009765625,2.6065826416015625,0.49580711126327515,0,0.8684327602386475,0,1,0,-0.8684327602386475,0,0.49580711126327515)},
 [73] = {shape="Normal", cframe=CFrame.new(-24.699432373046875,2123.22265625,0.3537750244140625,0.9999879002571106,0,0.004920339677482843,0,1,0,-0.004920339677482843,0,0.9999879002571106)},
 [74] = {shape="Normal", cframe=CFrame.new(-14.7928466796875,2122.39990234375,-8.290451049804688,-0.004877209663391113,0,0.9999881386756897,0,1,0,-0.9999881386756897,0,-0.004877209663391113)},
 [75] = {shape="Normal", cframe=CFrame.new(-9.97735595703125,2123.25,-15.137619018554688,-0.9646561145782471,0,-0.2635120749473572,0,1,0,0.2635120749473572,0,-0.9646561145782471)},
 [76] = {shape="Normal", cframe=CFrame.new(-15.067840576171875,2123.25,-8.289108276367188,-0.004877209663391113,0,0.9999881386756897,0,1,0,-0.9999881386756897,0,-0.004877209663391113)},
 [77] = {shape="Normal", cframe=CFrame.new(-58.751075744628906,2139.825439453125,-4.2139129638671875,0.004877209663391113,0,0.9999881386756897,0,-1,0,0.9999881386756897,0,-0.004877209663391113)},
 [78] = {shape="Normal", cframe=CFrame.new(-55.35004425048828,2122.14990234375,-6.3821868896484375,0.49580711126327515,0,0.8684327602386475,0,1,0,-0.8684327602386475,0,0.49580711126327515)},
 [79] = {shape="Normal", cframe=CFrame.new(-31.311676025390625,2123.22265625,0.3863677978515625,-0.9999878406524658,0,-0.004920339677482843,0,1,0,0.004920339677482843,0,-0.9999878406524658)},
 [80] = {shape="Normal", cframe=CFrame.new(-48.82392120361328,2139.875,16.176040649414062,-0.004877209663391113,0,0.9999881386756897,0,1,0,-0.9999881386756897,0,-0.004877209663391113)},
 [81] = {shape="Normal", cframe=CFrame.new(-56.89960479736328,2120.85009765625,-3.6679840087890625,0.8684537410736084,-0,-0.49577024579048157,0,1,-0,0.49577024579048157,0,0.8684537410736084)},
 [82] = {shape="Cylinder", cframe=CFrame.new(-28.050994873046875,2119.84326171875,0.4668731689453125,0,-1,-0,-1,0,-0,0,0,-1)},
 [83] = {shape="Normal", cframe=CFrame.new(-14.79168701171875,2126.64990234375,-18.290481567382812,-0.004877209663391113,0,0.9999881386756897,0,1,0,-0.9999881386756897,0,-0.004877209663391113)},
 [84] = {shape="Normal", cframe=CFrame.new(-14.74212646484375,2129.800048828125,-8.140518188476562,-0.004877209663391113,0,0.9999881386756897,0,1,0,-0.9999881386756897,0,-0.004877209663391113)},
 [85] = {shape="Normal", cframe=CFrame.new(-14.6939697265625,2137.300048828125,-8.591110229492188,-0.004877209663391113,0,0.9999881386756897,0,1,0,-0.9999881386756897,0,-0.004877209663391113)},
 [86] = {shape="Normal", cframe=CFrame.new(-33.45130157470703,2139.825439453125,-4.3372955322265625,0.004877209663391113,0,0.9999881386756897,0,-1,0,0.9999881386756897,0,-0.004877209663391113)},
 [87] = {shape="Seat", cframe=CFrame.new(-25.094757080078125,2121.602294921875,0.3583831787109375,-0.004877209663391113,0,0.9999881386756897,0,1,0,-0.9999881386756897,0,-0.004877209663391113)},
 [88] = {shape="Cylinder", cframe=CFrame.new(-28.050994873046875,2123.34326171875,0.4668731689453125,0,-1,-0,-1,0,-0,0,0,-1)},
 [89] = {shape="Normal", cframe=CFrame.new(-52.69220733642578,2123.85009765625,-12.349044799804688,0.49580711126327515,0,0.8684327602386475,0,1,0,-0.8684327602386475,0,0.49580711126327515)},
 [90] = {shape="Normal", cframe=CFrame.new(-46.30908966064453,2124.323486328125,-22.219741821289062,0.08610320091247559,0.48820725083351135,0.8684699535369873,-0.9848039150238037,0.17367029190063477,0.000008791685104370117,-0.15082314610481262,-0.8552732467651367,0.49574196338653564)},
 [91] = {shape="Normal", cframe=CFrame.new(-33.37793731689453,2138.275146484375,-15.399459838867188,0.9999879002571106,0,0.004920339677482843,0,1,0,-0.004920339677482843,0,0.9999879002571106)},
 [92] = {shape="Normal", cframe=CFrame.new(-58.797462463378906,2139.825439453125,-13.713790893554688,0.004877209663391113,0,0.9999881386756897,0,-1,0,0.9999881386756897,0,-0.004877209663391113)},
 [93] = {shape="Cylinder", cframe=CFrame.new(-31.14263916015625,2119.85302734375,0.3854827880859375,0.000005900859832763672,-0.9999881982803345,-0.004883096553385258,-1.0000001192092896,-0.000006079673767089844,-1.4668330550193787e-08,-1.4668330550193787e-08,0.004883096553385258,-0.999988317489624)},
 [94] = {shape="Normal", cframe=CFrame.new(-33.30078887939453,2138.275146484375,0.4001617431640625,0.9966091513633728,-0,-0.08228137344121933,0,1,-0,0.08228137344121933,0,0.9966091513633728)},
 [95] = {shape="Normal", cframe=CFrame.new(-33.31153106689453,2138.275146484375,-1.7998809814453125,0.9966091513633728,-0,-0.08228137344121933,0,1,-0,0.08228137344121933,0,0.9966091513633728)},
 [96] = {shape="Normal", cframe=CFrame.new(-33.32447052001953,2138.275146484375,-4.4496917724609375,0.9999879002571106,0,0.004920339677482843,0,1,0,-0.004920339677482843,0,0.9999879002571106)},
 [97] = {shape="Normal", cframe=CFrame.new(-50.34931182861328,2123,-15.646072387695312,0.49580711126327515,0,0.8684327602386475,0,1,0,-0.8684327602386475,0,0.49580711126327515)},
 [98] = {shape="Normal", cframe=CFrame.new(-49.83179473876953,2123.79150390625,-15.379104614257812,0.4957670569419861,-0.22472545504570007,0.8388763666152954,-0.000022001564502716064,0.9659371972084045,0.25877663493156433,-0.8684555292129517,-0.1283113658428192,0.4788748621940613)},
 [99] = {shape="Normal", cframe=CFrame.new(-50.684364318847656,2124.52490234375,-15.866287231445312,0.49580711126327515,0,0.8684327602386475,0,1,0,-0.8684327602386475,0,0.49580711126327515)},
 [100] = {shape="Normal", cframe=CFrame.new(-57.005287170410156,2123.802490234375,-3.5480194091796875,-0.6390326023101807,0,-0.7691797614097595,0,1,0,0.7691797614097595,0,-0.6390326023101807)},
 [101] = {shape="Normal", cframe=CFrame.new(-33.36499786376953,2138.275146484375,-12.749649047851562,0.9966091513633728,-0,-0.08228137344121933,0,1,-0,0.08228137344121933,0,0.9966091513633728)},
 [102] = {shape="Cylinder", cframe=CFrame.new(-24.8677978515625,2119.85302734375,0.3548431396484375,-0.0000059604644775390625,0.9999880194664001,0.004883095622062683,-0.9999999403953552,-0.0000059604644775390625,-1.4668330550193787e-08,1.4668330550193787e-08,-0.004883095622062683,0.9999880790710449)},
 [103] = {shape="Normal", cframe=CFrame.new(-58.014869689941406,2122.77490234375,-1.7139129638671875,0.8684537410736084,-0,-0.49577024579048157,0,1,-0,0.49577024579048157,0,0.8684537410736084)},
 [104] = {shape="Normal", cframe=CFrame.new(-51.314064025878906,2123.800048828125,-16.225357055664062,0.49580711126327515,0,0.8684327602386475,0,1,0,-0.8684327602386475,0,0.49580711126327515)},
