--this script made by nyxes no ai slops, If you see this, then you are a n###a.
local ReplicatedStorage = game:GetService("ReplicatedStorage")
local RequestCommand = ReplicatedStorage:WaitForChild("HDAdminHDClient").Signals.RequestCommandSilent

RequestCommand:InvokeServer(";btools me")
task.wait(1.2)
RequestCommand:InvokeServer(";punish all")
task.wait(0.2)

local player = game.Players.LocalPlayer
local backpack = player.Backpack
local character = player.Character

local function getF3X()
 for _, v in ipairs(backpack:GetChildren()) do
 if v:FindFirstChild("SyncAPI") then return v end
 end
 for _, v in ipairs(character:GetChildren()) do
 if v:FindFirstChild("SyncAPI") then return v end
 end
 return nil
end

local f3x = getF3X()
if not f3x then
 warn("F3X not found")
 return
end

local syncapi = f3x.SyncAPI
local endpoint = syncapi.ServerEndpoint

for _, v in ipairs(workspace:GetDescendants()) do
 if v:IsA("BasePart") and not v:IsA("Terrain") then
 task.spawn(function()
 pcall(function()
 endpoint:InvokeServer("Remove", {v})
 end)
 end)
 end
end
task.wait(1)

local function syncAnchor(ep, part, anchored)
 ep:InvokeServer("SyncAnchor", {{Part = part, Anchored = anchored}})
end

local function batchResize(ep, tbl) if #tbl>0 then ep:InvokeServer("SyncResize", tbl) end end
local function batchMaterial(ep, tbl) if #tbl>0 then ep:InvokeServer("SyncMaterial", tbl) end end
local function batchColor(ep, tbl) if #tbl>0 then ep:InvokeServer("SyncColor", tbl) end end
local function batchCollision(ep, tbl) if #tbl>0 then ep:InvokeServer("SyncCollision", tbl) end end

local function createMesh(ep, part) ep:InvokeServer("CreateMeshes", {{Part = part}}) end
local function syncMeshType(ep, part, t) ep:InvokeServer("SyncMesh", {{Part = part, MeshType = t}}) end
local function syncMeshScale(ep, part, s) ep:InvokeServer("SyncMesh", {{Part = part, Scale = s}}) end
local function syncMeshOffset(ep, part, o) ep:InvokeServer("SyncMesh", {{Part = part, Offset = o}}) end
local function syncMeshId(ep, part, id) ep:InvokeServer("SyncMesh", {{Part = part, MeshId = id}}) end
local function syncMeshTexture(ep, part, tex) ep:InvokeServer("SyncMesh", {{Part = part, TextureId = tex}}) end
local function syncMeshVertexColor(ep, part, col) ep:InvokeServer("SyncMesh", {{Part = part, VertexColor = col}}) end

local function createDecal(ep, part, face) ep:InvokeServer("CreateTextures", {{Part = part, Face = face, TextureType = "Decal"}}) end
local function setDecalTexture(ep, part, tex, face) ep:InvokeServer("SyncTexture", {{Part = part, Face = face, TextureType = "Decal", Texture = tex}}) end
local function setDecalTransparency(ep, part, trans, face) ep:InvokeServer("SyncTexture", {{Part = part, Face = face, TextureType = "Decal", Transparency = trans}}) end

local function createTexture(ep, part, face) ep:InvokeServer("CreateTextures", {{Part = part, Face = face, TextureType = "Texture"}}) end
local function setTextureId(ep, part, tex, face) ep:InvokeServer("SyncTexture", {{Part = part, Face = face, TextureType = "Texture", Texture = tex}}) end
local function setTextureTransparency(ep, part, trans, face) ep:InvokeServer("SyncTexture", {{Part = part, Face = face, TextureType = "Texture", Transparency = trans}}) end

local function createLight(ep, part, lightType)
 ep:InvokeServer("CreateLights", {{Part = part, LightType = lightType}})
end
local function syncLight(ep, part, lightType, brightness, range, color, shadows, face, angle)
 local params = {Part = part, LightType = lightType}
 if brightness ~= nil then params.Brightness = brightness end
 if range ~= nil then params.Range = range end
 if color then params.Color = color end
 if shadows ~= nil then params.Shadows = shadows end
 if face and face ~= "nil" then params.Face = face end
 if angle ~= nil then params.Angle = angle end
 ep:InvokeServer("SyncLighting", {params})
end

local function createGroup(ep, groupType, parent, items) return ep:InvokeServer("CreateGroup", groupType, parent, items) end
local function setName(ep, obj, name) ep:InvokeServer("SetName", {obj}, name) end
local function setLocked(ep, part, lock) ep:InvokeServer("SetLocked", {part}, lock) end

local spawnMeta = {}
spawnMeta[245] = {teamColor = BrickColor.new("Medium stone grey"), neutral = true, duration = 10, allowTeamChangeOnTouch = false}

local seatMeta = {}
seatMeta[1] = {disabled = false}
seatMeta[2] = {disabled = false}
seatMeta[3] = {disabled = false}
seatMeta[4] = {disabled = false}
seatMeta[5] = {disabled = false}
seatMeta[6] = {disabled = false}
seatMeta[7] = {disabled = false}
seatMeta[8] = {disabled = false}
seatMeta[9] = {disabled = false}
seatMeta[10] = {disabled = false}
seatMeta[11] = {disabled = false}
seatMeta[12] = {disabled = false}
seatMeta[13] = {disabled = false}
seatMeta[14] = {disabled = false}
seatMeta[15] = {disabled = false}
seatMeta[16] = {disabled = false}
seatMeta[159] = {disabled = false}
seatMeta[161] = {disabled = false}
seatMeta[173] = {disabled = false}
seatMeta[184] = {disabled = false}
seatMeta[442] = {disabled = false}
seatMeta[443] = {disabled = false}
seatMeta[444] = {disabled = false}
seatMeta[445] = {disabled = false}
seatMeta[446] = {disabled = false}
seatMeta[447] = {disabled = false}
seatMeta[448] = {disabled = false}
seatMeta[449] = {disabled = false}
seatMeta[450] = {disabled = false}
seatMeta[451] = {disabled = false}
seatMeta[452] = {disabled = false}
seatMeta[453] = {disabled = false}

local P = {}

local partData = {
 [1] = {anchored = true},
 [2] = {anchored = true},
 [3] = {anchored = true},
 [4] = {anchored = true},
 [5] = {anchored = true},
 [6] = {anchored = true},
 [7] = {anchored = true},
 [8] = {anchored = true},
 [9] = {anchored = true},
 [10] = {anchored = true},
 [11] = {anchored = true},
 [12] = {anchored = true},
 [13] = {anchored = true},
 [14] = {anchored = true},
 [15] = {anchored = true},
 [16] = {anchored = true},
 [17] = {anchored = true},
 [18] = {anchored = true},
 [19] = {anchored = true},
 [20] = {anchored = true},
 [21] = {anchored = true},
 [22] = {anchored = true},
 [23] = {anchored = true},
 [24] = {anchored = true},
 [25] = {anchored = true},
 [26] = {anchored = true},
 [27] = {anchored = true},
 [28] = {anchored = true},
 [29] = {anchored = true},
 [30] = {anchored = true},
 [31] = {anchored = true},
 [32] = {anchored = true},
 [33] = {anchored = true},
 [34] = {anchored = true},
 [35] = {anchored = true},
 [36] = {anchored = true},
 [37] = {anchored = true},
 [38] = {anchored = true},
 [39] = {anchored = true},
 [40] = {anchored = true},
 [41] = {anchored = true},
 [42] = {anchored = true},
 [43] = {anchored = true},
 [44] = {anchored = true},
 [45] = {anchored = true},
 [46] = {anchored = true},
 [47] = {anchored = true},
 [48] = {anchored = true},
 [49] = {anchored = true},
 [50] = {anchored = true},
 [51] = {anchored = true},
 [52] = {anchored = true},
 [53] = {anchored = true},
 [54] = {anchored = true},
 [55] = {anchored = true},
 [56] = {anchored = true},
 [57] = {anchored = true},
 [58] = {anchored = true},
 [59] = {anchored = true},
 [60] = {anchored = true},
 [61] = {anchored = true},
 [62] = {anchored = true},
 [63] = {anchored = true},
 [64] = {anchored = true},
 [65] = {anchored = true},
 [66] = {anchored = true},
 [67] = {anchored = true},
 [68] = {anchored = true},
 [69] = {anchored = true},
 [70] = {anchored = true},
 [71] = {anchored = true},
 [72] = {anchored = true},
 [73] = {anchored = true},
 [74] = {anchored = true},
 [75] = {anchored = true},
 [76] = {anchored = true},
 [77] = {anchored = true},
 [78] = {anchored = true},
 [79] = {anchored = true},
 [80] = {anchored = true},
 [81] = {anchored = true},
 [82] = {anchored = true},
 [83] = {anchored = true},
 [84] = {anchored = true},
 [85] = {anchored = true},
 [86] = {anchored = true},
 [87] = {anchored = true},
 [88] = {anchored = true},
 [89] = {anchored = true},
 [90] = {anchored = true},
 [91] = {anchored = true},
 [92] = {anchored = true},
 [93] = {anchored = true},
 [94] = {anchored = true},
 [95] = {anchored = true},
 [96] = {anchored = true},
 [97] = {anchored = true},
 [98] = {anchored = true},
 [99] = {anchored = true},
 [100] = {anchored = true},
 [101] = {anchored = true},
 [102] = {anchored = true},
 [103] = {anchored = true},
 [104] = {anchored = true},
 [105] = {anchored = true},
 [106] = {anchored = true},
 [107] = {anchored = true},
 [108] = {anchored = true},
 [109] = {anchored = true},
 [110] = {anchored = true},
 [111] = {anchored = true},
 [112] = {anchored = true},
 [113] = {anchored = true},
 [114] = {anchored = true},
 [115] = {anchored = true},
 [116] = {anchored = true},
 [117] = {anchored = true},
 [118] = {anchored = true},
 [119] = {anchored = true},
 [120] = {anchored = true},
 [121] = {anchored = true},
 [122] = {anchored = true},
 [123] = {anchored = true},
 [124] = {anchored = true},
 [125] = {anchored = true},
 [126] = {anchored = true},
 [127] = {anchored = true},
 [128] = {anchored = true},
 [129] = {anchored = true},
 [130] = {anchored = true},
 [131] = {anchored = true},
 [132] = {anchored = true},
 [133] = {anchored = true},
 [134] = {anchored = true},
 [135] = {anchored = true},
 [136] = {anchored = true},
 [137] = {anchored = true},
 [138] = {anchored = true},
 [139] = {anchored = true},
 [140] = {anchored = true},
 [141] = {anchored = true},
 [142] = {anchored = true},
 [143] = {anchored = true},
 [144] = {anchored = true},
 [145] = {anchored = true},
 [146] = {anchored = true},
 [147] = {anchored = true},
 [148] = {anchored = true},
 [149] = {anchored = true},
 [150] = {anchored = true},
 [151] = {anchored = true},
 [152] = {anchored = true},
 [153] = {anchored = true},
 [154] = {anchored = true},
 [155] = {anchored = true},
 [156] = {anchored = true},
 [157] = {anchored = true},
 [158] = {anchored = true},
 [159] = {anchored = true},
 [160] = {anchored = true},
 [161] = {anchored = true},
 [162] = {anchored = false},
 [163] = {anchored = false},
 [164] = {anchored = false},
 [165] = {anchored = false},
 [166] = {anchored = false},
 [167] = {anchored = false},
 [168] = {anchored = false},
 [169] = {anchored = false},
 [170] = {anchored = false},
 [171] = {anchored = false},
 [172] = {anchored = false},
 [173] = {anchored = true},
 [174] = {anchored = true},
 [175] = {anchored = true},
 [176] = {anchored = true},
 [177] = {anchored = true},
 [178] = {anchored = true},
 [179] = {anchored = true},
 [180] = {anchored = true},
 [181] = {anchored = true},
 [182] = {anchored = true},
 [183] = {anchored = true},
 [184] = {anchored = true},
 [185] = {anchored = true},
 [186] = {anchored = true},
 [187] = {anchored = true},
 [188] = {anchored = true},
 [189] = {anchored = true},
 [190] = {anchored = true},
 [191] = {anchored = true},
 [192] = {anchored = true},
 [193] = {anchored = true},
 [194] = {anchored = true},
 [195] = {anchored = true},
 [196] = {anchored = true},
 [197] = {anchored = true},
 [198] = {anchored = true},
 [199] = {anchored = true},
 [200] = {anchored = true},
 [201] = {anchored = true},
 [202] = {anchored = true},
 [203] = {anchored = true},
 [204] = {anchored = true},
 [205] = {anchored = true},
 [206] = {anchored = true},
 [207] = {anchored = true},
 [208] = {anchored = true},
 [209] = {anchored = true},
 [210] = {anchored = true},
 [211] = {anchored = true},
 [212] = {anchored = true},
 [213] = {anchored = true},
 [214] = {anchored = true},
 [215] = {anchored = true},
 [216] = {anchored = true},
 [217] = {anchored = true},
 [218] = {anchored = true},
 [219] = {anchored = true},
 [220] = {anchored = true},
 [221] = {anchored = true},
 [222] = {anchored = true},
 [223] = {anchored = true},
 [224] = {anchored = true},
 [225] = {anchored = true},
 [226] = {anchored = true},
 [227] = {anchored = true},
 [228] = {anchored = true},
 [229] = {anchored = true},
 [230] = {anchored = true},
 [231] = {anchored = true},
 [232] = {anchored = true},
 [233] = {anchored = true},
 [234] = {anchored = true},
 [235] = {anchored = true},
 [236] = {anchored = true},
 [237] = {anchored = true},
 [238] = {anchored = true},
 [239] = {anchored = true},
 [240] = {anchored = true},
 [241] = {anchored = true},
 [242] = {anchored = true},
 [243] = {anchored = true},
 [244] = {anchored = true},
 [245] = {anchored = true},
 [246] = {anchored = true},
 [247] = {anchored = true},
 [248] = {anchored = true},
 [249] = {anchored = true},
 [250] = {anchored = true},
 [251] = {anchored = true},
 [252] = {anchored = true},
 [253] = {anchored = true},
 [254] = {anchored = true},
 [255] = {anchored = true},
 [256] = {anchored = true},
 [257] = {anchored = true},
 [258] = {anchored = true},
 [259] = {anchored = true},
 [260] = {anchored = true},
 [261] = {anchored = true},
 [262] = {anchored = true},
 [263] = {anchored = true},
 [264] = {anchored = true},
 [265] = {anchored = true},
 [266] = {anchored = true},
 [267] = {anchored = true},
 [268] = {anchored = true},
 [269] = {anchored = true},
 [270] = {anchored = true},
 [271] = {anchored = true},
 [272] = {anchored = true},
 [273] = {anchored = true},
 [274] = {anchored = true},
 [275] = {anchored = true},
 [276] = {anchored = true},
 [277] = {anchored = true},
 [278] = {anchored = true},
 [279] = {anchored = true},
 [280] = {anchored = true},
 [281] = {anchored = true},
 [282] = {anchored = true},
 [283] = {anchored = true},
 [284] = {anchored = true},
 [285] = {anchored = true},
 [286] = {anchored = true},
 [287] = {anchored = true},
 [288] = {anchored = true},
 [289] = {anchored = true},
 [290] = {anchored = true},
 [291] = {anchored = true},
 [292] = {anchored = true},
 [293] = {anchored = true},
 [294] = {anchored = true},
 [295] = {anchored = true},
 [296] = {anchored = true},
 [297] = {anchored = true},
 [298] = {anchored = true},
 [299] = {anchored = true},
 [300] = {anchored = true},
 [301] = {anchored = true},
 [302] = {anchored = true},
 [303] = {anchored = true},
 [304] = {anchored = true},
 [305] = {anchored = true},
 [306] = {anchored = true},
 [307] = {anchored = true},
 [308] = {anchored = true},
 [309] = {anchored = true},
 [310] = {anchored = true},
 [311] = {anchored = true},
 [312] = {anchored = true},
 [313] = {anchored = true},
 [314] = {anchored = true},
 [315] = {anchored = true},
 [316] = {anchored = true},
 [317] = {anchored = true},
 [318] = {anchored = true},
 [319] = {anchored = true},
 [320] = {anchored = true},
 [321] = {anchored = true},
 [322] = {anchored = true},
 [323] = {anchored = true},
 [324] = {anchored = true},
 [325] = {anchored = true},
 [326] = {anchored = true},
 [327] = {anchored = true},
 [328] = {anchored = true},
 [329] = {anchored = true},
 [330] = {anchored = true},
 [331] = {anchored = true},
 [332] = {anchored = true},
 [333] = {anchored = true},
 [334] = {anchored = true},
 [335] = {anchored = true},
 [336] = {anchored = true},
 [337] = {anchored = true},
 [338] = {anchored = true},
 [339] = {anchored = true},
 [340] = {anchored = true},
 [341] = {anchored = true},
 [342] = {anchored = true},
 [343] = {anchored = true},
 [344] = {anchored = true},
 [345] = {anchored = true},
 [346] = {anchored = true},
 [347] = {anchored = true},
 [348] = {anchored = true},
 [349] = {anchored = true},
 [350] = {anchored = true},
 [351] = {anchored = true},
 [352] = {anchored = true},
 [353] = {anchored = true},
 [354] = {anchored = true},
 [355] = {anchored = true},
 [356] = {anchored = true},
 [357] = {anchored = true},
 [358] = {anchored = true},
 [359] = {anchored = true},
 [360] = {anchored = true},
 [361] = {anchored = true},
 [362] = {anchored = true},
 [363] = {anchored = true},
 [364] = {anchored = true},
 [365] = {anchored = true},
 [366] = {anchored = true},
 [367] = {anchored = true},
 [368] = {anchored = true},
 [369] = {anchored = true},
 [370] = {anchored = true},
 [371] = {anchored = true},
 [372] = {anchored = true},
 [373] = {anchored = true},
 [374] = {anchored = true},
 [375] = {anchored = true},
 [376] = {anchored = true},
 [377] = {anchored = true},
 [378] = {anchored = true},
 [379] = {anchored = true},
 [380] = {anchored = true},
 [381] = {anchored = true},
 [382] = {anchored = true},
 [383] = {anchored = true},
 [384] = {anchored = true},
 [385] = {anchored = true},
 [386] = {anchored = true},
 [387] = {anchored = true},
 [388] = {anchored = true},
 [389] = {anchored = true},
 [390] = {anchored = true},
 [391] = {anchored = true},
 [392] = {anchored = true},
 [393] = {anchored = true},
 [394] = {anchored = true},
 [395] = {anchored = true},
 [396] = {anchored = true},
 [397] = {anchored = true},
 [398] = {anchored = true},
 [399] = {anchored = true},
 [400] = {anchored = true},
 [401] = {anchored = true},
 [402] = {anchored = true},
 [403] = {anchored = true},
 [404] = {anchored = true},
 [405] = {anchored = true},
 [406] = {anchored = true},
 [407] = {anchored = true},
 [408] = {anchored = true},
 [409] = {anchored = true},
 [410] = {anchored = true},
 [411] = {anchored = true},
 [412] = {anchored = true},
 [413] = {anchored = true},
 [414] = {anchored = true},
 [415] = {anchored = true},
 [416] = {anchored = true},
 [417] = {anchored = true},
 [418] = {anchored = true},
 [419] = {anchored = true},
 [420] = {anchored = true},
 [421] = {anchored = true},
 [422] = {anchored = true},
 [423] = {anchored = true},
 [424] = {anchored = true},
 [425] = {anchored = true},
 [426] = {anchored = true},
 [427] = {anchored = true},
 [428] = {anchored = true},
 [429] = {anchored = true},
 [430] = {anchored = true},
 [431] = {anchored = true},
 [432] = {anchored = true},
 [433] = {anchored = true},
 [434] = {anchored = true},
 [435] = {anchored = true},
 [436] = {anchored = true},
 [437] = {anchored = true},
 [438] = {anchored = true},
 [439] = {anchored = true},
 [440] = {anchored = true},
 [441] = {anchored = true},
 [442] = {anchored = true},
 [443] = {anchored = true},
 [444] = {anchored = true},
 [445] = {anchored = true},
 [446] = {anchored = true},
 [447] = {anchored = true},
 [448] = {anchored = true},
 [449] = {anchored = true},
 [450] = {anchored = true},
 [451] = {anchored = true},
 [452] = {anchored = true},
 [453] = {anchored = true},
}

local partDefs = {

 [1] = {shape="Seat", cframe=CFrame.new(43.15922546386719,238.8001708984375,8009.916015625,1,0,0,0,1,0,0,0,1)},
 [2] = {shape="Seat", cframe=CFrame.new(53.145904541015625,238.8001708984375,8031.2333984375,0.9238815307617188,0,0.3826785683631897,0,1,0,-0.3826785683631897,0,0.9238815307617188)},
 [3] = {shape="Seat", cframe=CFrame.new(47.15934753417969,238.8001708984375,8009.916015625,1,0,0,0,1,0,0,0,1)},
 [4] = {shape="Seat", cframe=CFrame.new(50.468170166015625,238.8001708984375,8024.76708984375,-0.9238815307617188,0,-0.3826785683631897,0,1,0,0.3826785683631897,0,-0.9238815307617188)},
 [5] = {shape="Seat", cframe=CFrame.new(46.771453857421875,238.8001708984375,8026.2958984375,-0.9238815307617188,0,-0.3826785683631897,0,1,0,0.3826785683631897,0,-0.9238815307617188)},
 [6] = {shape="Seat", cframe=CFrame.new(49.45075988769531,238.8001708984375,8032.76513671875,0.9238815307617188,0,0.3826785683631897,0,1,0,-0.3826785683631897,0,0.9238815307617188)},
 [7] = {shape="Seat", cframe=CFrame.new(43.15934753417969,238.8001708984375,8002.91552734375,-1,0,0,0,1,0,0,0,-1)},
 [8] = {shape="Seat", cframe=CFrame.new(47.15946960449219,238.8001708984375,8002.916015625,-1,0,0,0,1,0,0,0,-1)},
 [9] = {shape="Seat", cframe=CFrame.new(43.15922546386719,238.8001708984375,8009.916015625,1,0,0,0,1,0,0,0,1)},
 [10] = {shape="Seat", cframe=CFrame.new(53.145904541015625,238.8001708984375,8031.2333984375,0.9238815307617188,0,0.3826785683631897,0,1,0,-0.3826785683631897,0,0.9238815307617188)},
 [11] = {shape="Seat", cframe=CFrame.new(49.45075988769531,238.8001708984375,8032.76513671875,0.9238815307617188,0,0.3826785683631897,0,1,0,-0.3826785683631897,0,0.9238815307617188)},
 [12] = {shape="Seat", cframe=CFrame.new(47.15946960449219,238.8001708984375,8002.916015625,-1,0,0,0,1,0,0,0,-1)},
 [13] = {shape="Seat", cframe=CFrame.new(46.771453857421875,238.8001708984375,8026.2958984375,-0.9238815307617188,0,-0.3826785683631897,0,1,0,0.3826785683631897,0,-0.9238815307617188)},
 [14] = {shape="Seat", cframe=CFrame.new(50.468170166015625,238.8001708984375,8024.76708984375,-0.9238815307617188,0,-0.3826785683631897,0,1,0,0.3826785683631897,0,-0.9238815307617188)},
 [15] = {shape="Seat", cframe=CFrame.new(43.15934753417969,238.8001708984375,8002.91552734375,-1,0,0,0,1,0,0,0,-1)},
 [16] = {shape="Seat", cframe=CFrame.new(47.15934753417969,238.8001708984375,8009.916015625,1,0,0,0,1,0,0,0,1)},
 [17] = {shape="Normal", cframe=CFrame.new(-38.670570373535156,33.24915313720703,383.72772216796875,-0.9062966108322144,0,-0.4226420819759369,0,1,0,0.4226420819759369,0,-0.9062966108322144)},
 [18] = {shape="Normal", cframe=CFrame.new(-5.700015544891357,74.30014038085938,781.1499633789062,1,0,0,0,1,0,0,0,1)},
 [19] = {shape="Normal", cframe=CFrame.new(3.0779662132263184,1.9217877388000488,296.21881103515625,0,0,-1,0,1,0,1,0,0)},
 [20] = {shape="Normal", cframe=CFrame.new(11.855367660522461,81.28199768066406,534.1793212890625,0,0,-1,0,1,0,1,0,0)},
 [21] = {shape="Normal", cframe=CFrame.new(-19.14463233947754,81.28199768066406,500.6793518066406,0,0,-1,0,1,0,1,0,0)},
 [22] = {shape="Normal", cframe=CFrame.new(-5.7033491134643555,18.516143798828125,1024.8333740234375,1,0,0,0,1,0,0,0,1)},
 [23] = {shape="Normal", cframe=CFrame.new(-5.700015544891357,74.30014038085938,800.6499633789062,1,0,0,0,1,0,0,0,1)},
 [24] = {shape="Normal", cframe=CFrame.new(-34.686546325683594,29.250144958496094,389.4177551269531,-0.7071342468261719,0,-0.707079291343689,0,1,0,0.707079291343689,0,-0.7071342468261719)},
 [25] = {shape="Normal", cframe=CFrame.new(6.03643798828125,4.791783332824707,-16.669870376586914,-1,0,0,0,1,0,0,0,-1)},
 [26] = {shape="Normal", cframe=CFrame.new(15.740355491638184,12.331338882446289,5.774857997894287,0,0,1,0,1,-0,-1,0,0)},
 [27] = {shape="Normal", cframe=CFrame.new(3.0779662132263184,1.9467873573303223,318.21881103515625,0,0,-1,0,1,0,1,0,0)},
 [28] = {shape="Normal", cframe=CFrame.new(-15.092215538024902,2.400148391723633,-13.473791122436523,0,0,1,0,1,-0,-1,0,0)},
 [29] = {shape="Normal", cframe=CFrame.new(-0.7499996423721313,73.30014038085938,460.39996337890625,1,0,0,0,1,0,0,0,1)},
 [30] = {shape="Normal", cframe=CFrame.new(11.832265853881836,9.602509498596191,-14.561562538146973,-0.8362776041030884,0.0003963279305025935,0.548306941986084,0.000099952332675457,0.9999998211860657,-0.0005703741917386651,-0.5483070611953735,-0.0004221863637212664,-0.8362774848937988)},
 [31] = {shape="Normal", cframe=CFrame.new(-20.768783569335938,2.4001338481903076,3.926316022872925,-1,0,0,0,1,0,0,0,-1)},
 [32] = {shape="Normal", cframe=CFrame.new(-15.368547439575195,59.24816131591797,355.95672607421875,0.2588643431663513,0,0.965913712978363,0,1,0,-0.965913712978363,0,0.2588643431663513)},
 [33] = {shape="Normal", cframe=CFrame.new(-5.700015544891357,74.30014038085938,761.6499633789062,1,0,0,0,1,0,0,0,1)},
 [34] = {shape="Normal", cframe=CFrame.new(-3.2341551780700684,2.4017739295959473,181.08665466308594,1,0,0,0,1,0,0,0,1)},
 [35] = {shape="Normal", cframe=CFrame.new(-29.64463233947754,81.28199768066406,481.6793518066406,1,0,0,0,1,0,0,0,1)},
 [36] = {shape="Normal", cframe=CFrame.new(16.44036865234375,1.2501044273376465,0.867030143737793,0,0,1,0,1,-0,-1,0,0)},
 [37] = {shape="Normal", cframe=CFrame.new(-10.024993896484375,73.3001480102539,710.6499633789062,1,0,0,0,1,0,0,0,1)},
 [38] = {shape="Normal", cframe=CFrame.new(-5.6999993324279785,24.44329833984375,939.702880859375,-1,0,0,0,0.8314507007598877,0.5555984973907471,0,0.5555984973907471,-0.8314507007598877)},
 [39] = {shape="Normal", cframe=CFrame.new(10.532763481140137,2.4001338481903076,-13.473791122436523,0,0,1,0,1,-0,-1,0,0)},
 [40] = {shape="Normal", cframe=CFrame.new(-0.5225744247436523,2.711751937866211,-16.66984748840332,-1,0,0,0,1,0,0,0,-1)},
 [41] = {shape="Normal", cframe=CFrame.new(-9.767173767089844,2.4001338481903076,-15.148778915405273,-1,0,0,0,1,0,0,0,-1)},
 [42] = {shape="Normal", cframe=CFrame.new(-19.09221649169922,2.4001338481903076,-13.473791122436523,0,0,1,0,1,-0,-1,0,0)},
 [43] = {shape="Normal", cframe=CFrame.new(15.740355491638184,12.331338882446289,17.697601318359375,0,0,1,0,1,-0,-1,0,0)},
 [44] = {shape="Normal", cframe=CFrame.new(2.2966508865356445,18.516143798828125,1024.8333740234375,1,0,0,0,1,0,0,0,1)},
 [45] = {shape="Normal", cframe=CFrame.new(8.882819175720215,2.4001338481903076,-17.173725128173828,-1,0,0,0,1,0,0,0,-1)},
 [46] = {shape="Normal", cframe=CFrame.new(-25.72054672241211,53.24816131591797,355.95672607421875,-0.2588644027709961,0,0.965913712978363,0,1,0,-0.965913712978363,0,-0.2588644027709961)},
 [47] = {shape="Normal", cframe=CFrame.new(-39.863555908203125,35.24815368652344,380.45172119140625,-0.9659297466278076,0,-0.2588047981262207,0,1,0,0.2588047981262207,0,-0.9659297466278076)},
 [48] = {shape="Normal", cframe=CFrame.new(-14.54998779296875,73.3001480102539,689.6499633789062,1,0,0,0,1,0,0,0,1)},
 [49] = {shape="Normal", cframe=CFrame.new(-5.500005722045898,73.3001480102539,703.6499633789062,1,0,0,0,1,0,0,0,1)},
 [50] = {shape="Normal", cframe=CFrame.new(6.03643798828125,2.917872428894043,-16.669870376586914,-1,0,0,0,1,0,0,0,-1)},
 [51] = {shape="Normal", cframe=CFrame.new(-20.74217987060547,2.4001338481903076,15.976245880126953,-1,0,0,0,1,0,0,0,-1)},
 [52] = {shape="Normal", cframe=CFrame.new(-14.54998779296875,73.3001480102539,717.6499633789062,1,0,0,0,1,0,0,0,1)},
 [53] = {shape="Normal", cframe=CFrame.new(23.85536766052246,81.28199768066406,510.6793518066406,-1.1920928955078125e-07,0,1.0000001192092896,0,1,0,-1.0000001192092896,0,-1.1920928955078125e-07)},
 [54] = {shape="Normal", cframe=CFrame.new(-20.767189025878906,2.4001238346099854,-12.148784637451172,-1,0,0,0,1,0,0,0,-1)},
 [55] = {shape="Normal", cframe=CFrame.new(-5.5797119140625,21.116104125976562,1087.6500244140625,1,0,0,0,1,0,0,0,1)},
 [56] = {shape="Normal", cframe=CFrame.new(-20.768783569335938,2.4001338481903076,-10.123684883117676,-1,0,0,0,1,0,0,0,-1)},
 [57] = {shape="Normal", cframe=CFrame.new(2.375,73.0660629272461,425.0749816894531,1,0,0,0,1,0,0,0,1)},
 [58] = {shape="Normal", cframe=CFrame.new(-0.5225744247436523,2.917872428894043,-16.66984748840332,-1,0,0,0,1,0,0,0,-1)},
 [59] = {shape="Normal", cframe=CFrame.new(-5.700015544891357,74.30014038085938,787.6499633789062,1,0,0,0,1,0,0,0,1)},
 [60] = {shape="Normal", cframe=CFrame.new(-24.14463233947754,81.28199768066406,515.6793212890625,0,0,1,0,1,-0,-1,0,0)},
 [61] = {shape="Normal", cframe=CFrame.new(-18.801555633544922,19.250144958496094,395.19970703125,0.08713138103485107,-0,-0.9961968660354614,0,1,-0,0.9961968660354614,0,0.08713138103485107)},
 [62] = {shape="Normal", cframe=CFrame.new(-104.85013580322266,-30.420852661132812,161.1040496826172,0.9238815307617188,-0,-0.3826785683631897,0,1,-0,0.3826785683631897,0,0.9238815307617188)},
 [63] = {shape="Normal", cframe=CFrame.new(-17.071565628051758,58.24816131591797,355.5797424316406,0.17362433671951294,0,0.9848119020462036,0,1,0,-0.9848119020462036,0,0.17362433671951294)},
 [64] = {shape="Normal", cframe=CFrame.new(-7.144631862640381,81.28199768066406,476.6793518066406,0,0,1,0,1,-0,-1,0,0)},
 [65] = {shape="Normal", cframe=CFrame.new(-11.092215538024902,2.4001338481903076,-13.473791122436523,0,0,1,0,1,-0,-1,0,0)},
 [66] = {shape="Normal", cframe=CFrame.new(-35.865577697753906,30.250144958496094,388.1317443847656,-0.7660616636276245,0,-0.642767608165741,0,1,0,0.642767608165741,0,-0.7660616636276245)},
 [67] = {shape="Normal", cframe=CFrame.new(15.740355491638184,12.331710815429688,17.041467666625977,0,0,1,0,1,-0,-1,0,0)},
 [68] = {shape="Normal", cframe=CFrame.new(-4.161556243896484,9.250152587890625,386.74774169921875,0.8191556930541992,-0,-0.5735712647438049,0,1,-0,0.5735712647438049,0,0.8191556930541992)},
 [69] = {shape="Normal", cframe=CFrame.new(-5.700005531311035,83.80013275146484,617.199951171875,-1,0,0,0,0,1,0,1,-0)},
 [70] = {shape="Normal", cframe=CFrame.new(2.3000078201293945,18.422075271606445,955.2767333984375,1,0,0,0,0.9807846546173096,-0.1950933337211609,0,0.1950933337211609,0.9807846546173096)},
 [71] = {shape="Normal", cframe=CFrame.new(19.88282012939453,2.4001338481903076,7.976244926452637,-1,0,0,0,1,0,0,0,-1)},
 [72] = {shape="Normal", cframe=CFrame.new(19.88282012939453,2.400148391723633,11.976244926452637,-1,0,0,0,1,0,0,0,-1)},
 [73] = {shape="Normal", cframe=CFrame.new(-34.686546325683594,47.24816131591797,361.13372802734375,-0.7071342468261719,0,0.707079291343689,0,1,0,-0.707079291343689,0,-0.7071342468261719)},
 [74] = {shape="Normal", cframe=CFrame.new(-15.442161560058594,-1.9998760223388672,3.9250001907348633,1,0,0,0,1,0,0,0,1)},
 [75] = {shape="Normal", cframe=CFrame.new(19.88282012939453,2.4001338481903076,19.976245880126953,-1,0,0,0,1,0,0,0,-1)},
 [76] = {shape="Normal", cframe=CFrame.new(15.740355491638184,12.335639953613281,19.020599365234375,0,0,1,0,1,-0,-1,0,0)},
 [77] = {shape="Normal", cframe=CFrame.new(-0.8485698699951172,72.2481689453125,371.802734375,0.9848124980926514,0,0.17362114787101746,0,1,0,-0.17362114787101746,0,0.9848124980926514)},
 [78] = {shape="Normal", cframe=CFrame.new(-6.399992942810059,2.4001338481903076,-22.473724365234375,0,0,1,0,1,-0,-1,0,0)},
 [79] = {shape="Normal", cframe=CFrame.new(-5.703344345092773,18.51616096496582,1034.8250732421875,1,0,0,0,1,0,0,0,1)},
 [80] = {shape="Normal", cframe=CFrame.new(4.415844917297363,2.4017739295959473,152.43666076660156,1,0,0,0,1,0,0,0,1)},
 [81] = {shape="Normal", cframe=CFrame.new(-9.767173767089844,2.4001338481903076,-17.173725128173828,-1,0,0,0,1,0,0,0,-1)},
 [82] = {shape="Normal", cframe=CFrame.new(-13.700000762939453,50.495941162109375,913.2094116210938,1,0,0,0,0.7071342468261719,-0.707079291343689,0,0.707079291343689,0.7071342468261719)},
 [83] = {shape="Normal", cframe=CFrame.new(-9.392215728759766,2.4001338481903076,21.324493408203125,0,0,1,0,1,-0,-1,0,0)},
 [84] = {shape="Normal", cframe=CFrame.new(19.856216430664062,2.4001338481903076,-10.123684883117676,-1,0,0,0,1,0,0,0,-1)},
 [85] = {shape="Normal", cframe=CFrame.new(-0.0931706428527832,4.414059638977051,-17.09326934814453,-0.546393632888794,-0.0000759043323341757,-0.8375284671783447,-0.0000759043323341757,1,-0.00004110986992600374,0.8375284671783447,0.00004110986992600374,-0.546393632888794)},
 [86] = {shape="Normal", cframe=CFrame.new(-20.768783569335938,2.4001338481903076,-2.123685121536255,-1,0,0,0,1,0,0,0,-1)},
 [87] = {shape="Normal", cframe=CFrame.new(-3.2235965728759766,8.250152587890625,385.2757263183594,0.8660072684288025,-0,-0.5000314116477966,0,1,-0,0.5000314116477966,0,0.8660072684288025)},
 [88] = {shape="Cylinder", cframe=CFrame.new(-0.2549922466278076,2.8766939640045166,260.5840148925781,0,0,1,1,0,0,0,1,0)},
 [89] = {shape="Normal", cframe=CFrame.new(19.856216430664062,2.4001338481903076,-6.123684883117676,-1,0,0,0,1,0,0,0,-1)},
 [90] = {shape="Normal", cframe=CFrame.new(-0.5225744247436523,1.0439167022705078,-16.66984748840332,-1,0,0,0,1,0,0,0,-1)},
 [91] = {shape="Normal", cframe=CFrame.new(-33.40054702758789,48.24816131591797,359.9547424316406,-0.6427637338638306,0,0.7660649418830872,0,1,0,-0.7660649418830872,0,-0.6427637338638306)},
 [92] = {shape="Normal", cframe=CFrame.new(-20.544570922851562,20.250144958496094,395.2757568359375,0,0,-1,0,1,0,1,0,0)},
 [93] = {shape="Normal", cframe=CFrame.new(-32.01657485961914,27.250154495239258,391.6587219238281,-0.5735992193222046,0,-0.8191365599632263,0,1,0,0.8191365599632263,0,-0.5735992193222046)},
 [94] = {shape="Normal", cframe=CFrame.new(-0.5225744247436523,4.791783332824707,-16.66984748840332,-1,0,0,0,1,0,0,0,-1)},
 [95] = {shape="Normal", cframe=CFrame.new(-0.3499929904937744,2.4001338481903076,-22.473724365234375,0,0,1,0,1,-0,-1,0,0)},
 [96] = {shape="Normal", cframe=CFrame.new(-6.578150272369385,4.781561851501465,-16.621295928955078,-0.9993880987167358,-0.0017260864842683077,0.034936416894197464,-0.0008629804942756891,0.9996944069862366,0.0247050691395998,-0.034968387335538864,0.02465980313718319,-0.9990842342376709)},
 [97] = {shape="Normal", cframe=CFrame.new(-3.6841554641723633,2.4017739295959473,162.08665466308594,1,0,0,0,1,0,0,0,1)},
 [98] = {shape="Normal", cframe=CFrame.new(15.740355491638184,12.331363677978516,15.211419105529785,0,0,1,0,1,-0,-1,0,0)},
 [99] = {shape="Normal", cframe=CFrame.new(-1.750558853149414,70.2481689453125,368.4357604980469,0.9397005438804626,0,0.3419983685016632,0,1,0,-0.3419983685016632,0,0.9397005438804626)},
 [100] = {shape="Normal", cframe=CFrame.new(7.650007247924805,2.4001338481903076,-22.473724365234375,0,0,1,0,1,-0,-1,0,0)},
 [101] = {shape="Normal", cframe=CFrame.new(-48.144630432128906,81.28199768066406,508.6793518066406,0,0,-1,0,1,0,1,0,0)},
 [102] = {shape="Normal", cframe=CFrame.new(2.296658515930176,18.516143798828125,1005.3333740234375,1,0,0,0,1,0,0,0,1)},
 [103] = {shape="Cylinder", cframe=CFrame.new(2.7950069904327393,2.8766939640045166,251.68402099609375,0,0,1,1,0,0,0,1,0)},
 [104] = {shape="Normal", cframe=CFrame.new(-10.024993896484375,73.3001480102539,682.6499633789062,1,0,0,0,1,0,0,0,1)},
 [105] = {shape="Normal", cframe=CFrame.new(2.375,73.0660629272461,406.0749816894531,1,0,0,0,1,0,0,0,1)},
 [106] = {shape="Normal", cframe=CFrame.new(-9.767173767089844,2.4001338481903076,-21.173725128173828,-1,0,0,0,1,0,0,0,-1)},
 [107] = {shape="Normal", cframe=CFrame.new(15.740355491638184,12.33027458190918,11.408782005310059,0,0,1,0,1,-0,-1,0,0)},
 [108] = {shape="Normal", cframe=CFrame.new(-11.114501953125,73.48017120361328,859.1008911132812,-0.7070605754852295,-0.7071533203125,0.000033289194107055664,0.000033289194107055664,-0.00008046627044677734,-1.0000001192092896,0.7071533203125,-0.7070603370666504,0.00008022785186767578)},
 [109] = {shape="Normal", cframe=CFrame.new(19.856216430664062,2.4001338481903076,3.926316022872925,-1,0,0,0,1,0,0,0,-1)},
 [110] = {shape="Normal", cframe=CFrame.new(-5.700005531311035,83.80013275146484,591.199951171875,-1,0,0,0,0,1,0,1,-0)},
 [111] = {shape="Normal", cframe=CFrame.new(16.390365600585938,6.7000885009765625,12.417030334472656,0,0,1,0,1,-0,-1,0,0)},
 [112] = {shape="Normal", cframe=CFrame.new(-13.0797119140625,21.016117095947266,1087.25,0,1,-0,-1,0,0,0,0,1)},
 [113] = {shape="Normal", cframe=CFrame.new(-24.017566680908203,22.250144958496094,394.97174072265625,-0.17362427711486816,0,-0.9848119020462036,0,1,0,0.9848119020462036,0,-0.17362427711486816)},
 [114] = {shape="Normal", cframe=CFrame.new(-0.9639177918434143,0.6593477129936218,53.64567184448242,-0.7071024179458618,0.0010069566778838634,0.7071110010147095,-0.015839599072933197,0.9997255206108093,-0.017263052985072136,-0.7069343328475952,-0.023407092317938805,-0.7068923711776733)},
 [115] = {shape="Normal", cframe=CFrame.new(-19.392181396484375,2.4001338481903076,21.323760986328125,0,0,-1,0,1,0,1,0,0)},
 [116] = {shape="Normal", cframe=CFrame.new(8.507819175720215,2.4001338481903076,21.323760986328125,0,0,-1,0,1,0,1,0,0)},
 [117] = {shape="Normal", cframe=CFrame.new(15.740355491638184,12.334802627563477,10.243021011352539,0,0,1,0,1,-0,-1,0,0)},
 [118] = {shape="Cylinder", cframe=CFrame.new(16.465362548828125,6.500088691711426,4.292030334472656,0,0,1,-1,0,0,0,-1,0)},
 [119] = {shape="Normal", cframe=CFrame.new(2.120361328125,21.016109466552734,1080.0501708984375,0,1,-0,-1,0,0,0,0,1)},
 [120] = {shape="Normal", cframe=CFrame.new(-12.144632339477539,81.28199768066406,525.6793212890625,0,0,-1,0,1,0,1,0,0)},
 [121] = {shape="Normal", cframe=CFrame.new(16.53276252746582,2.4001338481903076,-13.473791122436523,0,0,1,0,1,-0,-1,0,0)},
 [122] = {shape="Normal", cframe=CFrame.new(-5.699999809265137,18.516151428222656,1065.5499267578125,1,0,0,0,1,0,0,0,1)},
 [123] = {shape="Normal", cframe=CFrame.new(-40.54456329345703,38.25015640258789,375.2757263183594,-1,0,0,0,1,0,0,0,-1)},
 [124] = {shape="Cylinder", cframe=CFrame.new(2.5450074672698975,2.8766939640045166,241.5340118408203,0,0,1,1,0,0,0,1,0)},
 [125] = {shape="Normal", cframe=CFrame.new(-5.7033491134643555,18.516143798828125,1044.3333740234375,1,0,0,0,1,0,0,0,1)},
 [126] = {shape="Normal", cframe=CFrame.new(-13.703341484069824,18.516143798828125,1005.3333740234375,1,0,0,0,1,0,0,0,1)},
 [127] = {shape="Normal", cframe=CFrame.new(2.2999935150146484,17.616138458251953,963.6552734375,1,0,0,0,1,0,0,0,1)},
 [128] = {shape="Normal", cframe=CFrame.new(-38.670570373535156,43.24816131591797,366.82373046875,-0.9062966108322144,0,0.4226420819759369,0,1,0,-0.4226420819759369,0,-0.9062966108322144)},
 [129] = {shape="Normal", cframe=CFrame.new(-5.699999809265137,17.216129302978516,984.1499633789062,1,0,0,0,1,0,0,0,1)},
 [130] = {shape="Normal", cframe=CFrame.new(-15.392216682434082,2.4001338481903076,21.324493408203125,0,0,1,0,1,-0,-1,0,0)},
 [131] = {shape="Normal", cframe=CFrame.new(-0.7549865245819092,1.8766939640045166,251.88401794433594,1,0,0,0,1,0,0,0,1)},
 [132] = {shape="Normal", cframe=CFrame.new(-7.688569068908691,64.24815368652344,359.9547424316406,0.6427633166313171,0,0.7660649418830872,0,1,0,-0.7660649418830872,0,0.6427633166313171)},
 [133] = {shape="Normal", cframe=CFrame.new(-36.92755889892578,45.24816131591797,363.8037414550781,-0.8191560506820679,0,0.5735712647438049,0,1,0,-0.5735712647438049,0,-0.8191560506820679)},
 [134] = {shape="Normal", cframe=CFrame.new(-13.700037956237793,18.422075271606445,955.2767333984375,1,0,0,0,0.9807846546173096,-0.1950933337211609,0,0.1950933337211609,0.9807846546173096)},
 [135] = {shape="Normal", cframe=CFrame.new(-39.33856201171875,34.24815368652344,382.11572265625,-0.9397009611129761,0,-0.3419983685016632,0,1,0,0.3419983685016632,0,-0.9397009611129761)},
 [136] = {shape="Normal", cframe=CFrame.new(16.44036865234375,0.7501063346862793,12.367030143737793,0,0,1,0,1,-0,-1,0,0)},
 [137] = {shape="Normal", cframe=CFrame.new(16.590362548828125,12.250078201293945,12.367030143737793,0,0,1,0,1,-0,-1,0,0)},
 [138] = {shape="Normal", cframe=CFrame.new(2.3000259399414062,20.875812530517578,947.2486572265625,1,0,0,0,0.9238815307617188,-0.3826785683631897,0,0.3826785683631897,0.9238815307617188)},
 [139] = {shape="Normal", cframe=CFrame.new(1.2203369140625,20.81611442565918,1087.550048828125,1,0,0,0,0,-1,0,1,0)},
 [140] = {shape="Normal", cframe=CFrame.new(-17.07157325744629,18.250137329101562,394.97174072265625,0.17362433671951294,-0,-0.9848119020462036,0,1,-0,0.9848119020462036,0,0.17362433671951294)},
 [141] = {shape="Normal", cframe=CFrame.new(-5.699999809265137,73.30014038085938,663.199951171875,1,0,0,0,1,0,0,0,1)},
 [142] = {shape="Normal", cframe=CFrame.new(-20.74217987060547,2.4001338481903076,17.976245880126953,-1,0,0,0,1,0,0,0,-1)},
 [143] = {shape="Cylinder", cframe=CFrame.new(16.465362548828125,8.45008659362793,20.549318313598633,0,0,1,-1,0,0,0,-1,0)},
 [144] = {shape="Normal", cframe=CFrame.new(-4.161558151245117,67.2481689453125,363.8037414550781,0.8191556930541992,0,0.5735712647438049,0,1,0,-0.5735712647438049,0,0.8191556930541992)},
 [145] = {shape="Normal", cframe=CFrame.new(18.85536766052246,81.28199768066406,535.6793212890625,1,0,0,0,1,0,0,0,1)},
 [146] = {shape="Normal", cframe=CFrame.new(-0.9639177918434143,0.2844424247741699,37.65003204345703,0.9999995231628418,0.0009494773112237453,0.000011106448255304713,-0.0009494773112237453,0.9997259378433228,0.023391667753458023,0.000011106448255304713,-0.023391667753458023,0.9997263550758362)},
